-2.77
-1.97
-3.38
-3.45
-0.31
-2.90
-4.78
-6.29
-6.49
-3.17
-4.86
-5.06
-4.29
1.40
-0.52
-3.16
-5.01
-5.38
-6.74
-6.41
-8.66
-8.81
-6.04
-5.47
-3.12
-5.20
-9.54
-10.68
-5.23
-4.06
-2.08
-7.84
-1.46
-6.22
-10.36
-8.47
-2.64
-4.81
-3.89
-2.43
-5.11
-5.67
-5.23
-6.59
-8.70
-8.89
-8.14
-3.97
-2.88
-7.56
-8.30
-4.58
-4.80
-7.71
-9.60
-11.56
-9.45
-2.52
1.64
-0.21
-2.71
-3.58
-6.19
-6.58
-7.44
-6.93
-4.68
-7.46
-8.01
-7.85
-5.07
-5.88
-6.73
-7.59
-9.32
-12.28
-13.51
-14.96
-15.02
-8.51
-6.96
-10.63
-10.84
-12.08
-7.49
-4.86
-11.95
-12.13
-11.61
-11.77
-9.87
-8.25
-9.90
-10.83
-9.35
-10.24
-10.51
-9.06
-11.28
-13.20
-11.75
-7.95
-3.33
-1.63
-3.67
-5.01
-4.45
-1.09
1.79
0.66
3.17
1.87
0.88
0.68
-0.17
-0.55
-0.82
-0.71
0.58
-1.62
-1.57
-0.67
-6.93
-7.75
-3.96
-2.85
-3.22
-3.69
-3.18
-2.76
-1.22
-0.99
-0.83
0.19
1.06
1.25
1.97
3.54
6.46
6.87
5.21
1.36
-0.48
-1.26
-1.22
-1.40
-1.69
-2.00
-0.48
-0.94
-0.09
-2.88
-5.43
-5.75
-4.99
-3.57
1.55
1.95
1.71
2.50
1.91
3.65
4.37
3.93
5.04
4.24
1.29
-2.24
-2.55
-1.67
0.56
0.92
1.08
3.32
3.10
5.72
7.85
7.21
6.40
4.58
-2.05
-0.91
-1.11
6.82
3.03
3.17
4.87
5.67
8.23
7.72
8.07
5.36
4.89
7.99
9.00
10.33
8.81
8.53
4.46
3.93
3.88
6.04
6.00
6.56
4.87
2.54
2.29
5.10
5.74
6.24
5.87
6.51
8.64
9.59
9.78
10.09
9.26
8.66
9.67
8.11
8.10
6.60
4.84
4.51
5.45
6.57
6.54
6.21
5.93
3.82
3.58
6.81
6.38
2.98
1.16
0.78
0.51
1.29
6.71
5.30
5.07
5.10
4.87
5.22
3.97
3.79
4.76
3.81
3.36
4.71
4.27
3.63
2.32
2.09
-1.79
-2.22
2.16
2.41
5.36
12.56
7.02
6.08
5.95
5.79
5.11
4.53
3.55
3.94
3.45
4.24
7.78
7.49
2.41
1.68
3.23
4.15
3.55
3.44
4.65
4.88
4.41
0.01
-5.54
-6.48
-4.04
-7.72
-7.74
-3.12
-3.05
-3.57
-3.82
-3.66
-4.00
-4.55
-3.66
0.25
0.98
1.25
0.03
1.13
0.85
0.90
2.00
2.79
-1.10
-2.60
-0.07
-0.29
-2.58
-4.33
-6.86
-5.89
-3.39
-5.41
-5.59
-4.25
-2.30
-2.97
-3.17
-3.67
-6.41
-5.94
-6.61
-4.00
-8.95
-10.39
-9.10
-3.49
-3.11
-5.33
-7.82
-3.15
-3.18
-8.28
-9.39
-4.49
-4.63
-4.74
-2.91
-2.69
0.89
-0.76
-0.68
-4.76
-7.80
-8.53
-6.83
-5.47
-3.03
-2.27
-5.60
-5.19
-6.45
-6.81
-3.60
-1.50
-2.22
-5.98
-9.24
-8.50
0.14
-1.85
-2.73
-5.31
-6.67
-4.06
-2.04
-6.80
-7.09
-3.58
-0.80
-1.13
-2.70
-2.11
-2.75
-1.43
2.64
-0.37
-0.84
-8.26
-7.27
-5.83
-5.11
-8.32
-7.18
-7.69
-8.33
-8.31
-15.28
-16.08
-16.96
-17.05
-16.20
-15.65
-9.54
-8.64
-8.01
-6.54
-7.45
-7.49
-2.80
-1.75
-4.96
-6.69
-7.53
-4.02
-11.11
-13.98
-8.81
-10.20
-10.18
-4.47
-7.33
-7.58
-6.79
-5.15
-7.19
-7.69
-6.60
-5.80
-4.76
-4.97
-2.06
-2.43
-3.13
-2.15
-3.62
-4.91
-5.27
-6.96
-13.73
-13.97
-11.84
-10.67
-10.15
-8.04
-6.73
-7.98
-8.27
-7.48
-7.36
-7.93
-6.45
-5.98
-6.14
-7.25
-7.93
-9.57
-10.03
-8.48
-0.72
-2.64
-1.79
0.16
-0.78
-1.05
-1.80
-0.34
-1.76
-0.91
-1.27
-1.05
-4.73
-11.33
-11.49
-9.19
-7.61
-7.64
-6.63
-6.29
-6.33
-3.99
-3.87
-3.98
-2.34
-2.94
-1.97
-2.48
-7.72
-9.69
-7.53
-5.45
-3.78
-5.14
-6.05
-7.34
-7.73
-5.61
-3.78
0.25
0.65
2.72
3.35
4.02
2.75
1.66
1.44
0.42
-3.95
-4.07
0.29
1.57
3.05
1.77
1.25
-0.12
-2.72
-2.94
-2.00
1.20
2.10
-0.59
-1.44
-1.66
2.54
2.30
2.91
3.63
-1.07
-1.95
-2.46
-2.62
-1.00
1.44
3.98
4.39
5.14
6.72
6.58
6.25
6.85
7.69
6.61
4.53
3.36
2.70
5.56
6.24
7.66
7.25
7.00
8.52
5.82
5.27
6.69
6.18
7.64
8.41
7.62
6.79
6.43
6.27
6.92
6.28
6.15
6.52
7.29
8.79
7.26
6.93
6.62
7.91
9.15
8.30
7.79
7.51
7.21
3.73
-0.47
-0.63
3.94
2.17
1.79
2.10
4.54
5.59
5.92
5.53
0.74
0.58
4.10
3.78
4.20
6.91
6.09
6.91
5.61
3.47
3.22
3.91
3.55
3.84
4.75
5.06
3.15
1.99
1.79
2.15
3.87
5.91
4.64
4.13
3.62
3.86
3.67
3.39
5.35
1.89
1.57
1.59
2.35
-2.51
-2.75
-0.06
0.04
1.03
1.55
2.62
-4.29
-3.57
2.98
1.84
-0.61
-2.86
-4.15
-2.86
-1.11
0.43
-0.71
-1.01
0.30
2.30
4.05
4.45
6.93
6.66
5.29
5.19
3.23
2.98
2.81
2.05
-1.58
-2.57
3.86
5.75
7.65
5.39
4.49
3.40
1.15
-1.53
-3.33
-5.41
-5.60
-3.16
-2.33
-2.88
-1.77
-1.39
0.81
2.70
0.25
1.91
2.45
0.20
-3.38
-3.58
-2.64
-4.16
-5.24
-3.29
-5.45
-5.81
-1.71
-1.21
-5.71
-4.74
-5.01
-2.54
-6.02
-5.63
-6.12
-6.30
-6.15
-4.69
-5.07
-3.88
-1.40
-12.84
-12.33
-6.98
-9.63
-9.72
-3.90
-0.38
-5.07
-5.46
-2.87
-3.71
-5.69
-9.32
-10.61
-11.38
-11.75
-11.89
-7.67
-8.06
-3.74
-8.16
-13.56
-11.28
-13.00
-9.94
-8.03
-6.11
-5.14
-3.04
-4.19
-2.92
-3.69
-3.99
-4.33
-5.90
-5.64
-7.85
-10.58
-11.62
-12.64
-12.82
-4.77
-5.56
-8.94
-11.02
-11.32
-4.97
-5.15
-5.25
-6.43
-7.32
-8.20
-9.53
-12.42
-13.23
-10.74
-12.42
-12.90
-12.92
-9.03
-6.85
-7.05
-5.28
-4.06
-3.31
-3.11
-3.13
-6.09
-6.53
-6.33
-8.31
-9.20
-9.48
-10.06
-10.17
-9.97
-2.85
-1.53
-5.23
-2.91
-2.83
-2.23
-6.44
-6.93
-7.55
-9.30
-9.42
-9.50
-10.42
-7.27
-4.41
-4.44
-3.77
-7.28
-7.35
-6.23
-5.24
-7.13
-8.63
-7.54
-6.92
-6.45
-2.65
2.39
0.63
-0.43
-1.71
1.05
0.08
1.42
-2.29
-3.99
-6.36
-6.83
-6.03
-5.55
-0.37
-0.21
-4.73
-6.85
-7.02
-6.91
-4.21
0.47
-3.09
-1.68
-1.43
-2.60
-9.33
-12.21
-7.47
-5.59
-3.57
-1.17
-5.90
-6.28
-5.56
-1.46
-4.70
-12.50
-13.71
-13.79
-12.61
-11.40
-3.84
-9.82
-10.59
-9.15
-5.21
-5.86
-5.23
-5.27
-3.17
-1.14
0.58
-3.01
-1.63
2.57
1.63
1.53
-1.95
-1.55
-2.87
-3.02
0.00
-3.95
-6.74
-5.79
-5.24
-5.75
-6.25
-3.64
0.85
0.05
-3.99
-4.38
-3.52
-1.97
-1.88
0.78
2.45
0.88
0.42
-0.36
1.35
2.25
4.49
1.39
0.90
0.47
-0.06
-0.10
-0.32
1.31
0.57
0.92
-0.14
1.12
0.77
2.73
2.16
5.30
4.00
3.79
4.09
3.87
1.04
0.07
1.92
4.05
3.60
3.30
3.63
2.45
2.40
2.60
2.13
2.36
0.23
0.04
3.00
1.51
1.34
2.95
5.35
7.15
7.44
6.76
6.26
6.40
6.08
6.03
5.98
7.61
6.93
7.44
5.80
5.52
4.09
3.80
5.28
5.14
3.96
1.85
1.72
3.98
5.68
0.30
-0.07
0.41
2.48
3.33
4.53
3.60
2.47
3.31
3.46
3.44
5.35
5.95
4.52
4.28
4.08
3.72
4.04
3.53
3.70
4.27
6.25
6.90
8.18
2.67
1.95
2.40
2.53
1.23
1.04
1.59
3.31
4.70
3.61
3.78
5.55
3.64
3.21
5.47
5.51
6.27
6.72
6.04
5.76
5.77
4.46
3.04
4.99
6.32
6.09
5.63
5.37
5.03
4.64
-3.62
-4.86
-5.43
-5.63
-5.08
-4.54
-3.40
-2.83
0.31
-0.26
-0.68
0.43
2.93
5.06
0.27
-3.35
-3.84
1.71
3.39
4.65
4.18
2.12
2.46
-2.10
-2.34
2.61
1.72
1.56
2.81
3.32
4.35
5.28
4.05
3.94
6.59
5.22
4.72
3.87
2.53
2.48
1.62
-0.71
-1.58
-2.78
-2.94
-3.51
-2.81
3.36
-0.60
-0.81
-0.86
-1.02
-0.07
1.61
2.03
5.60
-1.32
-9.68
-10.21
-6.66
-10.12
-10.90
-11.68
-10.87
-8.89
-9.95
-11.57
-11.31
-7.52
-11.85
-13.32
-13.08
-11.99
-12.43
-8.57
-6.74
-6.37
-5.16
-5.53
-7.39
-6.47
-5.97
-1.18
-3.65
-2.69
-0.37
-1.47
-4.54
-4.89
-0.96
-1.49
-4.98
-5.61
-5.12
-3.15
-3.08
-3.04
-2.09
2.77
-5.83
-1.48
-7.42
-9.08
-9.02
-9.83
-10.55
-5.96
-4.28
-7.70
-10.67
-13.63
-7.79
-1.81
-2.18
-3.92
-6.55
-9.62
-10.62
-4.43
-3.11
-7.00
-7.86
-9.08
-10.21
-10.09
-9.57
-9.14
-9.10
-9.91
-7.59
-9.83
-10.87
-10.98
-9.53
-12.12
-12.15
-12.15
-8.35
-10.36
-13.99
-14.02
-9.97
-10.94
-12.19
-12.21
-12.59
-8.69
-11.22
-11.38
-14.80
-15.95
-15.79
-5.76
-4.79
-5.04
-3.25
-4.69
-4.81
-5.48
1.50
-1.50
-1.94
-3.80
-3.86
-4.34
-3.91
-4.21
-3.69
-3.99
-7.45
-6.31
-1.82
-4.17
-4.41
-2.75
2.16
-2.74
-5.30
-7.24
-9.72
-9.40
-10.98
-12.01
-11.66
-4.07
-12.58
-13.00
-10.29
-11.67
-11.04
-9.78
-9.27
-0.62
0.52
-2.77
-3.31
-4.62
-4.47
-4.09
-4.03
-3.87
-5.26
-3.22
-5.82
-6.01
-5.20
-10.38
-11.72
-8.81
-9.17
-8.92
-9.55
-9.75
-8.65
-5.78
-5.90
-5.70
-5.23
-5.47
-4.70
-5.53
-4.74
-3.67
-3.77
-2.90
-1.34
-3.62
-4.39
-4.33
-0.64
-0.52
-3.04
-4.00
-2.85
-1.59
-1.18
-3.90
-4.08
-6.61
-6.74
-3.63
-3.94
0.04
1.56
-0.03
0.04
1.02
-1.56
-1.99
-1.22
-1.48
1.11
0.47
0.12
0.69
2.62
1.63
1.34
2.14
3.81
3.85
4.35
5.85
5.41
6.05
5.96
7.25
6.11
3.89
0.68
0.44
0.88
-1.00
-1.99
-2.12
-0.86
0.89
1.77
2.21
-0.42
-1.84
-2.70
-2.92
-3.01
-3.30
1.51
3.23
3.55
3.43
3.86
0.09
-1.48
-0.89
-1.53
-1.60
1.74
5.31
7.52
7.45
7.98
9.10
7.98
9.10
8.68
4.17
2.33
2.85
1.56
1.44
3.27
4.58
4.97
6.52
6.58
7.83
7.64
8.32
7.09
6.36
5.85
7.29
7.23
7.21
6.98
0.40
-1.10
0.11
0.20
0.48
2.28
2.21
1.91
7.46
4.81
4.11
3.93
6.28
5.53
7.24
7.36
7.13
8.41
7.80
7.50
6.40
6.32
5.84
-0.91
-3.31
-0.04
-0.10
3.37
2.92
4.00
2.84
2.47
5.31
6.69
7.88
4.62
0.17
2.78
7.35
7.18
10.15
7.56
7.47
4.49
3.13
4.51
6.16
8.17
7.52
6.48
3.94
-2.59
-3.77
0.52
-5.68
-5.97
-6.03
1.14
-2.67
-2.13
1.96
4.73
3.70
4.06
8.00
6.92
4.58
3.21
1.42
0.43
0.50
-3.99
-4.90
3.71
3.96
2.14
2.07
1.62
2.07
1.63
2.88
2.18
0.31
0.28
3.55
0.68
0.42
1.33
1.34
-0.20
-0.79
1.42
0.62
0.12
-0.82
-3.42
-4.68
-3.23
-3.14
-3.17
0.94
-0.83
-1.12
-0.60
1.35
-2.48
-2.96
-0.63
-0.48
-5.06
-7.63
-12.95
-14.11
-15.17
-14.43
-6.96
-6.63
-6.62
-6.75
-6.00
-6.23
-4.87
-5.01
-2.13
-3.88
-1.78
0.50
-3.34
-6.34
-7.46
-7.60
-6.60
-7.72
-7.79
-7.91
-8.48
-4.58
-4.68
-3.88
-4.08
-5.73
-5.92
-1.62
-3.17
-4.91
-5.70
-5.75
-23.51
-23.84
-18.63
-9.01
-8.65
-8.71
-4.16
-3.17
-7.86
-10.01
-13.93
-14.31
-14.93
-15.07
-12.21
-10.83
-10.57
-9.40
-7.19
-3.25
-3.42
0.09
-3.86
-10.10
-9.63
-5.38
-4.17
-7.35
-8.62
-11.61
-13.79
-5.93
-4.07
-4.96
-5.14
-3.21
-4.70
-4.72
-4.89
-2.51
-2.15
-2.76
-5.51
-6.52
-8.51
-9.70
-6.61
-6.83
-5.35
-7.70
-6.58
-6.67
-8.90
-11.70
-12.04
-9.23
-9.37
-10.77
-10.74
-10.62
-10.79
-6.01
-4.03
-4.67
-4.11
-7.74
-9.67
-8.07
-8.48
-2.57
-1.13
-1.45
-0.38
-5.80
-10.56
-10.60
-6.83
-8.84
-8.26
-8.81
-7.87
-6.28
-6.32
-2.31
-4.76
-6.50
-10.82
-12.29
-10.31
-8.82
-8.85
-8.08
-9.79
-11.24
-10.58
-11.55
-11.83
-6.93
-2.93
-1.21
-4.07
-4.71
-5.07
-2.94
-3.01
-4.11
-9.56
-6.72
-6.08
-6.71
-7.27
-6.87
-3.59
-5.63
-7.45
-8.37
-8.00
-7.51
-7.32
-4.86
-4.46
-10.58
-11.63
-9.89
-9.99
-8.01
-7.13
-4.73
-3.68
-0.96
-1.42
2.56
2.27
3.53
2.75
2.36
2.23
2.57
3.98
-2.01
-2.21
2.03
3.72
-2.43
-2.68
1.42
1.50
1.32
6.47
5.73
4.96
6.13
5.74
5.34
5.44
4.69
4.23
3.84
3.55
4.40
5.59
6.08
6.17
2.54
1.78
-3.44
-4.63
-2.58
1.69
1.97
1.66
4.43
4.35
4.07
6.55
5.57
5.16
6.36
6.01
6.89
6.33
1.93
-0.66
-1.01
-0.50
1.10
2.84
3.72
3.51
3.17
7.74
8.46
7.01
5.58
5.50
5.67
4.98
7.49
7.89
8.13
6.88
5.76
4.51
3.57
3.11
4.01
4.79
6.51
7.89
9.64
10.10
9.70
8.04
7.28
8.16
6.89
6.74
8.30
7.11
5.50
4.44
1.46
1.19
3.64
5.54
7.28
9.44
3.65
3.68
0.30
3.05
2.93
3.15
4.38
2.77
-2.08
-2.50
1.06
0.55
-0.30
2.38
3.19
2.41
5.16
4.32
4.39
4.31
5.34
4.86
3.91
4.02
4.92
4.32
4.85
6.40
5.10
4.67
5.88
6.72
3.97
2.92
4.04
4.78
-1.75
-2.23
-0.56
-3.66
-3.96
-0.03
1.81
3.65
2.17
1.96
2.09
1.80
2.84
3.80
2.16
2.05
3.78
3.75
7.21
8.15
2.38
1.42
2.07
1.46
-0.43
0.29
-0.08
-0.31
5.01
3.39
4.13
3.52
1.60
1.26
0.98
0.27
0.16
-2.07
-2.94
-4.01
-4.05
-0.46
-2.57
-2.43
-2.60
-6.42
-6.20
-2.44
-1.55
-5.17
-11.50
-11.68
-8.86
-5.88
-6.04
-10.71
-11.27
-10.94
-7.97
-9.56
-7.60
-4.47
-5.35
-4.79
-4.96
-2.98
-2.10
1.83
5.06
3.41
1.16
0.30
-0.63
-1.58
-1.90
-1.13
-1.14
-1.46
-2.20
-3.86
-0.88
-7.00
-8.79
-3.98
-7.11
-9.98
-10.72
-2.64
-8.58
-12.88
-13.15
-11.97
-4.83
-7.67
-8.34
-8.64
-6.08
-4.14
-11.39
-11.62
-11.39
-13.82
-13.85
-15.81
-15.91
-8.42
-8.73
-10.03
-10.15
-10.17
-10.04
-8.20
-11.96
-12.80
-8.98
-7.54
-6.27
-5.61
-7.12
-6.81
-8.13
-9.60
-9.95
-6.76
-8.64
-3.23
-4.93
-8.48
-9.00
-3.21
-4.18
-2.09
-6.20
-8.95
-8.23
-8.71
-3.61
-6.31
-6.64
-6.98
-1.74
-1.45
-5.28
-7.29
-5.74
-6.23
-7.83
-4.86
-4.61
-6.02
-5.50
-7.99
-8.23
-8.09
-8.12
-5.48
-2.89
-3.93
-4.13
-4.98
-4.67
-2.30
0.41
-5.65
-6.26
-4.86
-5.62
-6.14
-9.35
-10.08
-10.24
-9.19
-9.58
-9.74
-9.20
-9.32
-8.14
-8.19
-6.95
-7.65
-8.00
-7.81
-8.20
-7.31
-6.42
-7.76
-7.91
-7.66
-2.30
-1.99
-7.55
-8.22
-3.28
-0.56
-8.97
-9.78
-10.16
-10.23
-9.96
-9.57
-10.38
-11.66
-12.07
-6.87
-7.28
-5.23
-3.75
-2.03
-2.14
-1.67
-1.92
-4.32
-10.71
-10.82
-11.11
-10.60
-9.24
-7.67
-6.40
-7.97
-8.31
-6.94
-4.02
-3.69
-4.16
-1.78
-2.33
-2.44
-1.76
-0.97
-2.10
-3.35
-3.39
-0.41
-0.07
-0.49
-1.50
-4.70
-5.32
-5.59
-4.89
-3.18
-3.17
-2.02
-2.30
-1.74
-1.52
-1.32
-0.30
-1.45
-1.32
-3.24
-4.51
-4.83
-5.52
-3.22
-0.69
4.78
4.53
5.98
3.20
2.54
2.31
1.15
0.88
2.97
9.05
4.71
1.39
1.03
1.24
1.00
2.41
0.56
0.25
-0.35
-0.44
-0.90
-1.31
-1.44
-2.22
-1.83
-0.68
-1.05
-0.05
-0.92
-0.18
1.58
4.17
4.63
5.02
2.65
0.70
0.21
-0.03
-0.28
-0.30
3.76
5.16
1.80
1.52
4.38
5.63
0.83
-1.28
3.48
8.78
8.13
9.57
9.18
8.49
8.38
7.56
6.63
6.35
8.83
9.98
11.29
10.22
8.56
8.04
10.51
6.14
5.87
6.84
5.98
4.17
3.94
6.99
6.05
4.76
6.80
6.82
5.88
7.35
9.61
6.64
2.67
2.43
5.52
6.50
6.21
6.20
5.91
5.10
1.45
1.24
5.57
6.30
6.48
2.30
1.45
5.21
4.28
0.85
-0.37
5.17
5.79
5.01
5.13
4.70
7.11
6.52
5.38
8.62
8.94
7.54
5.01
4.69
4.32
3.91
2.92
2.77
2.73
3.33
3.84
6.60
5.65
6.67
4.28
4.01
4.29
2.16
-4.38
-7.88
-8.21
-3.78
-5.28
-5.68
-5.31
-3.34
1.72
-3.31
-4.81
-6.33
-3.84
-1.05
1.59
-2.04
-3.51
-5.84
-4.11
0.32
2.38
1.82
2.70
-0.02
-2.27
-9.37
-11.89
-7.55
-4.06
-2.37
-3.45
-3.29
-1.72
-3.66
-3.79
-6.47
-6.56
-1.93
1.37
1.17
0.48
-4.78
-5.08
2.30
3.24
2.86
2.99
1.46
-2.42
-6.18
-8.20
-14.39
-15.66
-15.12
-13.30
-8.35
-15.73
-15.93
-13.44
-12.01
-16.36
-16.63
-9.52
-7.41
-3.94
-4.39
-5.87
-1.64
-7.82
-9.05
-7.80
-12.10
-12.49
-9.58
-9.80
-10.43
-4.61
0.64
-4.40
-13.24
-13.34
-12.62
-7.97
-4.90
-4.14
-8.84
-7.48
-5.03
-12.65
-14.37
-14.39
-17.51
-17.79
-9.94
-8.75
-9.43
-9.07
-13.56
-13.61
-14.32
-15.88
-10.33
-10.87
-8.11
-13.25
-12.83
-7.69
-6.26
-7.46
-5.21
-4.40
-4.55
-4.37
-7.73
-9.54
-6.83
-6.51
-6.68
-6.16
-11.70
-13.70
-9.68
-1.69
1.60
-4.92
-8.86
-12.98
-13.14
-10.17
-7.84
-5.05
-6.43
-12.05
-16.61
-16.77
-13.35
-14.74
-14.73
-12.55
-11.86
-10.62
-10.41
-10.53
-6.49
-4.77
-6.00
-8.96
-9.31
-8.29
-4.49
-4.20
-0.84
-2.32
-0.06
1.45
-4.73
-7.41
-7.69
-7.66
-9.46
-12.42
-13.86
-10.88
-3.56
-5.31
-4.42
-4.67
-1.41
2.29
-1.45
-1.58
-0.58
0.12
-1.94
0.00
0.90
1.12
0.10
0.42
-1.70
-1.79
-0.44
-2.52
-3.52
-0.04
1.28
1.00
0.76
-1.30
-1.98
0.20
-2.97
-7.07
-7.51
-7.63
-6.17
-5.74
-3.30
-4.19
-5.16
-9.30
-10.24
-9.20
-5.86
-2.89
-2.01
-3.19
-6.65
-7.70
-8.00
-4.49
0.96
0.69
0.34
-0.02
-3.72
-3.47
-2.72
-2.00
-0.72
-1.79
-2.06
-1.78
2.25
3.14
2.51
-0.61
-0.83
1.65
-0.83
-1.91
-3.77
-3.30
2.31
2.97
3.25
5.73
8.23
3.22
-0.14
-0.26
4.31
4.67
7.29
7.44
7.19
7.90
8.02
8.25
11.76
11.42
5.63
-1.11
-2.42
-2.45
-1.48
-1.69
-2.35
-1.87
2.54
2.08
1.58
2.53
2.47
-0.25
-0.46
4.70
5.82
2.29
2.10
3.47
4.19
5.48
6.80
7.12
6.95
7.15
6.93
4.72
4.62
5.84
5.32
5.05
-1.76
-1.26
1.08
3.87
4.60
2.93
0.81
-0.64
-0.85
2.05
4.69
8.70
8.35
11.71
9.23
7.89
7.62
10.11
10.30
8.88
8.58
7.49
5.41
5.13
3.56
3.80
5.77
6.64
8.09
8.10
7.33
5.89
5.26
4.92
0.89
0.64
2.48
1.82
3.47
2.82
5.44
7.56
6.29
4.34
5.48
4.52
4.35
2.32
2.11
4.00
3.69
6.05
6.79
6.47
6.26
6.10
5.95
2.76
1.84
1.84
4.58
5.28
5.67
5.35
6.47
8.92
6.89
5.41
2.36
3.32
1.36
-0.21
-1.88
-1.89
3.72
3.35
-0.36
-0.50
0.64
4.21
5.46
1.60
0.81
4.09
1.27
-1.71
0.35
-4.10
-0.29
0.53
0.19
4.86
2.82
2.38
0.79
-6.60
-9.54
-9.33
-8.54
-8.74
-8.76
-8.70
-4.72
-0.80
-0.51
0.73
3.61
4.00
4.07
2.55
2.56
2.18
-4.61
-5.59
-6.72
-7.46
-5.36
-4.05
-4.49
-8.01
-7.75
-4.70
-3.93
-2.38
-0.20
-0.27
1.52
-0.59
-0.75
-3.23
-5.60
-5.88
-4.49
-11.87
-12.27
-10.12
-11.16
-12.54
-12.67
-6.28
-9.39
-9.54
-9.92
-6.38
-9.24
-7.74
-4.69
-9.44
-10.74
-8.92
-9.56
-8.52
-8.53
-8.18
-14.25
-11.40
-8.30
-9.65
-9.67
-10.59
-13.58
-13.87
-6.85
-4.90
-7.06
-6.44
-4.93
-8.65
-8.70
-0.53
-3.49
-3.77
-4.88
-5.08
-3.58
-1.82
-4.55
-4.15
-5.89
-4.41
-4.46
-1.69
-3.74
-4.93
-5.76
-7.12
-8.44
-8.81
-6.97
-9.89
-10.95
-10.59
-6.85
-8.61
-12.07
-8.42
-3.56
-2.89
-3.37
-5.69
-8.05
-6.64
-6.19
-4.16
-5.74
-5.95
-4.29
-1.73
-3.46
-4.45
-5.38
-8.10
-8.13
-8.11
-3.92
-5.42
-5.48
-8.10
-9.94
-12.85
-12.85
-15.17
-14.26
-15.63
-9.06
-4.07
-4.05
-8.97
-7.88
-9.86
-11.92
-14.03
-13.42
-9.89
-10.87
-10.78
-13.04
-9.77
-12.72
-14.31
-9.05
-8.21
-9.52
-12.07
-12.59
-9.64
-10.46
-8.67
-11.21
-10.93
-7.55
-6.20
-6.79
-5.88
-5.58
-11.11
-11.97
-7.28
-4.47
-3.46
-2.67
0.12
-1.92
-3.73
-3.81
-4.46
-2.81
-5.23
-6.15
-10.52
-8.90
-7.70
-4.22
-5.45
-3.59
-3.27
-6.19
-8.21
-6.83
-4.34
-9.69
-6.80
-6.23
-1.88
-3.62
-5.33
-11.03
-7.38
-8.09
-3.94
-1.26
-3.80
-7.50
-10.63
-7.87
-6.73
-5.97
-4.51
-1.49
-0.31
0.56
0.84
1.98
2.22
2.34
2.10
1.69
1.22
2.09
-0.79
-3.91
0.60
2.29
1.18
3.11
4.35
4.42
3.49
3.72
3.37
4.16
5.25
4.36
4.41
4.64
6.27
5.98
5.18
5.10
-0.45
-1.35
-1.09
-0.74
0.81
6.06
2.62
0.25
4.71
5.58
5.19
4.20
4.19
7.97
2.30
0.36
-0.62
1.47
0.74
6.23
7.57
7.38
5.68
8.08
11.27
11.47
10.88
10.30
10.83
11.10
10.84
10.11
9.68
9.74
7.99
7.32
6.78
6.99
7.80
7.22
7.61
5.57
3.79
4.23
4.93
3.65
3.43
4.77
6.28
5.04
4.97
6.54
5.81
4.79
5.31
4.03
3.96
3.93
5.68
7.16
8.47
8.77
9.51
9.38
9.15
8.43
5.02
4.82
7.17
0.64
-0.26
-0.47
3.49
2.67
3.81
5.86
5.44
4.46
4.18
3.99
-1.02
0.22
5.96
8.32
9.74
7.43
2.87
2.11
3.08
4.15
4.61
4.74
6.27
5.82
7.18
6.18
5.84
4.62
4.06
5.24
7.18
5.28
4.13
1.50
1.79
6.05
2.61
1.32
1.01
1.60
0.84
0.30
2.35
2.07
0.54
-2.33
-6.06
-5.80
-4.58
-5.99
-3.61
-3.07
-2.90
-0.13
-3.47
-5.89
-6.56
-0.70
0.25
1.89
3.29
3.40
3.77
-1.40
-2.91
-2.52
-1.39
-1.22
0.53
1.80
1.03
-0.00
1.54
1.81
-0.39
-1.19
-1.42
-1.77
0.10
0.05
-1.73
-2.58
-1.98
-2.87
-5.83
-9.47
-10.43
-10.23
-11.56
-6.91
-3.56
-2.43
-2.32
-1.30
-0.43
-4.29
-4.09
-3.72
-3.08
-5.66
-4.54
-3.52
-3.23
-4.10
-4.85
-5.13
-4.98
-3.24
-0.25
-1.48
-3.73
-9.89
-11.68
-9.90
-9.81
-11.10
-5.76
-1.63
-7.09
-14.31
-14.40
-4.71
-10.72
-13.42
-15.60
-12.81
-6.10
-6.07
-3.89
-7.73
-9.01
-7.38
-4.61
-4.25
-5.35
-4.11
-2.37
-1.77
1.01
-4.37
-10.21
-7.72
-2.26
-1.74
-2.70
-5.22
-12.67
-9.52
-7.52
-1.11
-4.83
-14.95
-16.89
-10.65
-3.86
-5.29
-5.32
-3.89
-1.91
-0.76
-4.17
-2.37
-11.83
-14.43
-9.00
-13.95
-13.31
-13.00
-9.00
-11.94
-15.04
-17.61
-15.94
-16.35
-17.59
-16.06
-10.26
-12.58
-12.73
-10.33
-10.88
-8.11
-8.78
-6.59
-7.93
-7.27
-8.55
-5.96
-5.57
-5.73
-8.08
-9.13
-12.39
-14.84
-6.88
-6.26
-4.14
-2.54
-1.56
-1.54
-2.44
-2.96
-1.64
-0.65
-0.32
-2.91
-6.93
-6.31
-4.49
-2.64
-3.12
-1.95
-3.67
-8.18
-10.03
-3.63
-11.33
-13.60
-16.02
-10.33
-8.45
-8.39
-6.96
-7.36
-8.69
-12.82
-12.00
-11.07
-5.57
-5.87
-1.76
-1.15
1.59
-7.64
-10.96
-12.05
-11.40
-8.48
-1.17
1.10
0.79
-2.99
-4.56
-1.86
-3.17
-2.86
-4.13
-2.82
-2.41
-6.22
-3.81
-2.80
-2.75
-5.11
-7.05
-4.98
-2.11
-1.29
0.93
-1.12
-3.75
-4.50
-3.44
-4.00
-2.70
0.73
1.26
0.30
-0.86
-2.94
-4.51
-4.20
-1.93
-2.07
-3.99
-5.01
-5.30
-6.06
-5.94
-5.81
-3.52
-1.41
-1.40
1.99
3.88
3.37
3.97
5.60
6.91
8.06
8.06
9.68
8.09
6.37
5.82
5.58
0.86
0.03
-1.73
-4.58
-1.03
-2.45
0.78
2.20
0.90
1.73
3.10
3.28
3.87
5.02
4.03
3.67
2.67
3.30
1.88
2.89
4.99
5.60
5.57
4.92
5.34
5.31
7.49
8.13
7.59
7.91
7.84
6.16
7.13
7.95
8.00
10.64
10.78
10.53
12.97
13.51
12.27
7.41
10.13
15.30
15.45
13.60
12.62
12.32
13.33
7.54
2.35
-1.68
-1.04
3.22
1.59
4.48
4.55
7.60
6.77
5.81
5.15
5.08
4.45
6.15
5.91
4.98
5.90
7.19
5.90
5.69
5.46
6.55
5.14
5.81
6.13
6.74
7.16
5.60
6.21
6.99
5.88
6.39
0.27
1.23
8.26
5.31
1.79
5.80
6.39
2.43
-1.80
-3.91
-3.58
5.00
5.70
-1.89
-2.37
-1.41
4.34
4.12
6.15
7.05
7.13
9.13
9.96
11.14
9.37
7.19
4.57
3.88
2.88
4.31
5.83
5.99
3.49
2.88
3.11
0.59
1.84
4.01
-4.04
-4.25
2.36
1.59
-0.84
-2.07
-6.52
-6.83
4.38
3.32
0.73
0.27
0.36
0.52
0.55
0.34
1.12
-0.74
-0.46
-0.53
-0.00
4.07
1.68
-0.06
-1.03
-1.64
-1.87
1.71
1.91
1.49
0.90
-0.12
1.43
-4.17
-5.36
-3.83
-2.79
-2.37
-2.84
0.90
-0.04
-1.27
-1.42
-2.02
-2.22
-2.50
0.08
-6.44
-6.50
-9.99
-11.05
-13.10
-4.74
-2.26
-5.07
-3.12
-8.17
-14.46
-11.23
-5.02
-8.06
-11.79
-10.39
-10.40
-6.22
-5.30
-4.98
-8.64
-8.74
-6.49
-7.46
-6.15
-8.61
-0.79
-1.62
1.23
-8.86
-10.01
1.68
1.78
2.35
-1.05
-0.19
-0.76
-10.30
-13.78
-14.59
-8.64
-5.97
-12.91
-14.46
-15.22
-8.93
-11.88
-13.65
-4.80
-10.46
-10.79
-10.63
-13.71
-12.26
-10.64
-6.08
-8.21
-10.51
-13.79
-13.88
-8.07
-8.55
-11.17
-12.61
-9.60
-10.16
-13.11
-9.42
-9.65
-5.05
-6.22
-10.03
-9.69
-12.15
-13.76
-15.20
-10.04
-10.32
-12.01
-14.23
-13.90
-13.21
-13.51
-12.15
-13.55
-12.01
-9.31
-12.05
-12.51
-12.23
-8.20
-9.69
-12.56
-10.58
-11.55
-6.49
-11.25
-16.13
-14.87
-7.05
-3.87
-4.61
-14.66
-15.92
-15.08
-11.17
-11.37
-11.58
-10.13
-6.83
-8.42
-8.49
-9.08
-8.89
-8.64
-8.40
-7.55
-9.18
-8.48
-6.53
-8.27
-10.06
-3.63
-9.41
-9.99
-10.80
-3.67
-12.35
-13.87
-11.62
-9.01
-10.27
-8.20
-8.75
-9.24
-8.27
-12.82
-6.73
-7.98
-3.31
-2.80
-9.15
-10.83
-8.12
-2.85
-2.14
-0.83
-0.94
-0.96
-0.13
0.31
-1.58
0.30
-1.56
-5.44
-8.43
-5.42
-2.22
-1.07
-1.70
-0.83
-0.74
-0.45
-2.22
-2.63
-5.45
-5.93
-7.12
-5.79
-4.48
-3.64
-2.86
-3.81
-2.80
-2.98
-3.20
-3.69
-4.10
-3.37
-4.17
-2.68
-2.68
-3.58
-6.03
-7.24
-6.70
-2.23
-0.79
1.12
-2.01
-4.47
-3.74
-3.74
-3.32
-3.52
-1.54
0.48
1.10
1.79
1.76
4.40
5.03
2.72
4.44
4.15
3.87
6.12
5.76
4.34
2.08
0.48
0.90
4.34
2.71
3.77
2.22
2.80
5.60
0.22
0.33
-2.13
-0.46
-0.01
5.66
6.44
9.26
11.31
10.82
9.17
0.94
2.69
2.88
-0.63
-0.99
1.18
4.09
4.97
7.30
7.35
7.95
8.74
5.38
3.08
3.14
2.97
7.10
9.69
5.64
3.24
5.19
-1.80
6.97
4.83
3.36
2.97
2.63
0.90
3.34
2.29
3.13
4.29
3.30
3.42
4.33
3.71
4.00
5.57
5.66
5.40
6.71
6.68
3.36
0.12
3.44
4.68
5.02
4.45
4.75
1.04
5.92
6.90
7.35
6.74
-1.86
-3.64
-3.13
-3.75
-2.77
-1.59
-1.36
3.80
7.56
2.50
-0.85
-1.00
-0.07
-0.74
0.05
5.08
-2.60
-4.82
-4.00
-5.85
-5.64
-4.25
-0.52
4.19
3.04
2.56
-0.36
-2.57
-3.36
-3.67
-2.69
-3.37
-4.88
-1.33
3.46
3.26
3.18
2.85
3.43
5.49
6.14
2.79
2.22
0.20
0.86
-2.31
-3.94
-0.67
1.84
0.38
2.25
-1.80
-2.12
-2.09
1.11
2.96
2.40
2.12
-0.95
-2.56
-2.65
-2.56
-0.24
-0.12
3.16
3.51
4.06
3.22
1.49
0.31
-1.63
-5.26
-6.87
-7.60
-7.70
-5.56
-5.28
-4.81
-4.21
0.89
-1.72
-2.39
-6.33
-7.58
1.33
2.23
-0.15
-2.21
-6.67
-4.95
-2.90
-1.88
-2.06
-1.93
-4.62
-5.04
-3.90
0.36
-0.03
-5.02
-7.65
-4.59
-4.88
-4.14
-9.68
-11.38
-6.78
-6.47
-5.02
-5.43
-8.89
-12.03
-10.04
-11.88
-14.19
-10.19
-9.22
-12.43
-13.71
-17.26
-18.95
-21.12
-25.25
-22.47
-20.91
-22.63
-21.52
-18.72
-16.85
-16.92
-16.33
-15.70
-14.75
-11.34
-8.66
-6.37
-8.84
-7.66
-6.99
-3.56
-7.09
-12.42
-10.58
-6.34
-8.46
-8.90
-11.26
-4.55
-2.95
-2.92
-3.25
-3.44
2.03
-3.53
-4.20
-4.45
-1.76
-6.26
-6.33
-10.01
-9.31
-7.77
-8.00
-5.51
-5.53
-5.93
-9.89
-13.30
-8.73
-10.07
-9.88
-8.24
-6.68
-0.98
-6.47
-7.12
-6.62
-6.78
-9.52
-9.60
-5.98
-7.06
-7.18
-6.47
-4.48
-6.22
-6.72
-11.23
-14.48
-7.14
-9.40
-13.51
-15.93
-16.69
-15.64
-15.18
-12.36
-8.87
-9.12
-8.79
-9.23
-9.39
-7.08
-9.00
-13.82
-14.31
-3.06
-3.46
-2.38
-2.65
2.15
1.23
-2.95
-7.19
-7.61
-2.19
-3.56
-6.52
-9.09
-12.09
-7.70
-8.76
-10.75
-8.63
-6.66
-4.66
-2.89
-1.25
-0.25
-2.30
-2.70
-2.33
-0.82
-4.08
-6.19
-13.78
-14.30
-4.89
-5.18
-5.14
-8.39
-4.64
-5.57
-2.80
-1.93
-3.52
-3.33
-3.75
-3.09
-2.76
-1.95
-2.38
-1.96
-0.17
-0.35
-0.19
-0.54
0.06
-1.02
-2.99
-4.10
-0.77
0.25
3.42
3.76
1.17
0.58
1.77
4.51
4.02
4.18
4.64
4.38
4.67
4.04
1.15
-5.00
-6.61
-2.86
-3.87
0.50
2.93
2.94
1.33
-0.95
-1.98
0.83
0.05
-2.02
-1.80
-1.44
-2.54
0.27
-0.98
3.65
0.68
-1.20
3.57
3.42
3.71
5.04
8.48
6.10
5.39
5.26
6.58
7.13
6.74
5.20
4.08
5.76
6.73
8.84
7.65
5.96
5.39
6.91
6.85
4.43
1.59
6.14
8.64
9.00
8.40
9.58
9.46
9.43
4.07
2.55
1.10
2.98
2.62
5.16
3.05
3.17
-1.80
-2.57
2.68
5.20
5.72
6.29
8.10
8.13
9.32
8.64
5.62
4.41
2.71
8.17
8.36
11.11
9.36
7.82
7.77
1.04
-1.84
-1.80
4.98
6.65
6.91
6.68
4.73
4.35
2.27
0.98
6.57
3.59
5.36
5.76
4.95
6.25
6.34
5.80
5.70
2.21
-0.10
-1.70
5.17
6.54
3.95
2.99
5.01
5.25
5.50
5.24
5.94
5.99
6.29
6.90
6.82
6.47
6.43
6.41
7.76
6.38
4.41
4.11
3.30
-0.88
-2.70
-0.00
8.33
7.23
5.02
4.14
5.17
3.78
1.71
0.06
0.07
-0.70
-1.73
-0.99
-1.37
-1.83
-3.69
-1.89
-1.15
-0.98
-1.20
-1.35
-2.91
-5.38
-8.69
-7.50
-4.82
0.09
-9.32
-3.26
1.45
4.36
-2.92
-6.87
-6.26
-13.77
-12.95
-6.71
-8.33
-7.28
-8.94
-11.70
-7.68
-9.44
-11.36
-10.15
-9.23
-9.08
-9.34
-10.98
-11.48
-9.39
-3.53
0.12
2.39
4.86
4.43
-1.10
-3.42
-2.18
-5.31
-4.74
-8.18
-6.20
-5.77
-4.48
-3.14
0.99
2.62
1.53
-1.21
-4.32
-4.32
-2.56
0.76
-6.48
-6.65
-4.29
-8.38
-9.04
-5.09
-9.93
-7.88
-8.12
-12.99
-9.18
-9.42
-12.57
-10.10
-12.71
-13.91
-7.43
-8.27
-6.67
-9.27
-13.21
-9.89
-7.07
-11.54
-14.59
-16.01
-10.68
-3.55
-8.85
-7.12
-9.30
-6.10
-15.54
-16.04
-17.84
-19.17
-10.83
-11.14
-9.89
-8.47
-9.18
-9.84
-7.81
-8.94
-10.97
-12.86
-17.64
-19.59
-25.88
-25.93
-11.52
-12.08
-10.25
-9.99
-8.50
-8.08
-8.23
-8.24
-9.35
-10.56
-9.04
-9.42
-6.09
-8.13
-7.89
-10.10
-9.81
-5.63
-2.57
-3.71
-8.55
-8.93
-2.50
-5.93
-8.42
-8.96
-7.85
-7.71
-6.40
-6.91
-8.45
-6.53
-6.76
-6.93
-7.34
-6.31
-7.15
-7.96
-11.97
-11.63
-6.25
-4.68
-12.77
-12.66
-8.57
-3.97
-8.27
-10.70
-4.74
-6.94
-5.35
-6.28
-8.96
-7.02
-4.14
-1.45
-3.11
-5.25
-7.33
-9.39
-13.87
-16.18
-11.10
-6.18
-6.61
-6.19
-9.64
-10.17
-10.37
-4.37
-3.90
-4.20
-2.63
-2.31
-4.41
-5.16
-5.76
-2.69
-2.39
1.81
-0.02
0.84
0.26
0.48
0.08
-2.01
-6.25
-3.53
1.33
3.04
3.02
5.15
1.04
0.68
1.08
3.12
6.29
6.24
6.09
1.05
0.98
3.66
2.36
2.68
5.78
4.05
2.28
-6.57
-6.33
-7.94
-6.34
-2.25
-0.11
-5.00
-6.21
-6.81
-7.52
-1.27
0.25
3.55
0.02
-2.55
-0.96
5.61
5.82
4.37
4.77
4.93
6.10
5.83
5.98
8.77
7.22
4.22
7.70
9.17
11.25
12.14
10.96
8.04
6.41
6.99
6.94
6.23
6.82
3.60
2.49
0.32
0.58
1.60
7.04
5.00
3.15
1.16
3.09
5.99
6.68
3.83
3.10
1.24
3.87
5.11
6.84
2.78
2.77
4.69
6.88
7.76
8.91
9.93
9.17
7.95
8.92
11.22
8.33
6.40
8.74
7.41
6.88
6.40
8.02
6.75
3.46
4.38
4.73
6.64
7.45
9.51
5.62
3.24
1.42
5.77
7.81
2.39
-0.84
-0.62
5.80
1.25
-2.98
-5.08
-4.65
-2.22
-2.20
4.36
2.91
0.90
5.99
5.73
4.69
4.71
2.75
0.78
3.12
4.51
4.93
7.88
8.46
8.42
6.89
5.82
6.58
5.91
4.16
6.64
6.46
4.87
3.37
1.55
0.43
1.60
1.49
6.31
4.74
5.68
4.25
4.86
3.93
4.32
6.17
6.00
4.50
2.74
1.09
1.03
4.08
4.70
4.05
4.45
3.08
0.72
-2.69
-3.35
-3.60
1.52
-7.71
-8.49
-6.91
-7.91
-8.88
-0.97
-0.48
0.14
-0.36
-0.52
-8.20
-8.29
-4.53
-2.47
-1.43
4.13
-1.72
-1.35
-0.14
-1.91
-2.95
-2.27
0.16
1.23
-0.60
-1.86
-4.39
-3.07
-4.23
-6.73
-2.72
-11.15
-10.03
-0.45
-4.52
-7.02
-2.71
-6.97
-2.04
-1.32
-1.97
-0.43
-0.05
-0.41
-3.35
-3.50
-2.82
-5.31
-4.85
-3.04
-3.05
-4.80
-9.22
-11.22
-10.80
-11.03
-7.48
-12.56
-12.45
-13.95
-15.54
-16.95
-19.43
-13.67
-6.79
-13.23
-11.57
-7.88
-2.89
-5.43
-5.01
-9.35
-10.48
-11.10
-6.50
-12.42
-14.71
-17.39
-9.79
-9.17
-22.12
-26.71
-12.87
-7.40
-10.76
-11.47
-9.73
-6.21
-5.36
-5.93
-7.16
-6.04
-5.69
-5.95
-3.78
-3.69
-3.32
-4.14
-4.72
-5.07
-6.05
-6.34
-5.54
-4.76
-4.48
-4.80
-4.84
-3.52
-0.56
-1.35
-5.09
-5.64
-7.61
-9.09
-6.56
-10.42
-13.76
-14.93
-17.47
-16.61
-10.51
-13.88
-13.60
-12.49
-6.40
-5.98
-7.11
-4.88
-4.02
-4.21
-8.32
-13.22
-11.73
-11.79
-13.04
-9.52
-7.70
-7.69
-9.56
-9.59
-10.83
-11.27
-12.51
-10.81
-15.23
-15.30
-8.76
-13.18
-16.01
-16.55
-10.70
-10.70
-6.26
-4.59
-4.17
-2.75
-9.56
-11.07
-14.16
-14.93
-13.08
-9.89
-5.00
-7.68
-8.05
-6.08
-4.37
-0.31
-3.44
-7.79
-10.25
-10.11
-11.58
-10.85
-3.69
-3.84
-0.30
0.19
-0.05
-3.46
-8.40
-3.26
-1.74
-0.16
-0.82
-1.05
-0.31
2.23
3.42
0.67
0.56
2.09
-9.93
-10.90
-10.22
-5.61
-5.99
-1.00
1.66
0.02
-1.57
-3.09
-7.86
-9.58
-5.03
-7.00
-4.40
-2.50
-4.03
-5.06
-8.04
-7.99
-5.36
-1.17
-0.16
1.50
-0.62
-2.45
-2.74
-3.33
-0.48
-0.67
-0.10
2.19
-1.51
-2.52
2.48
4.79
-1.68
-2.81
-3.65
1.18
4.48
4.32
3.83
-2.57
-5.06
-4.28
-2.27
-1.79
-2.31
-1.38
-2.25
0.83
1.87
2.52
1.71
0.85
5.56
8.79
9.25
8.06
7.98
8.60
8.68
8.71
7.33
6.73
6.05
4.30
5.82
7.01
7.62
8.35
8.62
7.69
6.93
4.50
0.78
1.29
1.97
1.28
1.93
4.29
6.19
5.03
-1.11
-2.00
3.26
4.16
3.50
2.02
3.27
2.63
6.80
3.41
-1.28
0.87
2.64
2.79
3.53
3.09
5.25
6.23
7.48
11.91
12.02
10.44
8.97
6.96
7.95
8.81
9.68
8.71
6.55
2.80
0.38
-0.25
0.07
1.01
8.51
8.59
8.23
6.23
5.83
6.34
5.68
3.44
2.76
6.67
3.62
3.19
4.09
4.11
8.73
10.99
11.49
10.48
10.89
10.22
9.59
7.69
7.89
7.20
8.82
4.74
1.58
1.66
4.45
0.38
0.59
0.07
-0.72
-0.48
0.74
3.57
5.66
4.11
1.12
0.88
-2.45
-3.56
1.77
0.36
-3.03
-2.79
-1.00
1.29
3.88
0.65
-0.73
4.32
5.02
0.35
-1.40
-0.26
0.36
1.58
6.63
8.12
1.75
1.27
0.21
4.78
1.32
-0.72
-0.53
-0.48
2.24
1.55
0.82
-0.56
-2.21
-1.90
-4.51
-2.77
-5.97
-9.44
-10.35
-2.18
-4.98
-0.33
0.15
-9.76
-9.50
-9.31
-9.17
-5.99
-8.25
-9.17
-11.56
-13.19
-11.19
-7.34
-5.82
-7.29
-6.64
-1.47
-2.27
-6.37
-5.58
-5.06
-7.41
-8.13
-5.82
-4.17
-4.34
-3.57
-4.44
-2.01
-3.08
0.85
-1.67
0.88
3.63
5.39
0.81
-0.25
-4.34
-5.48
-1.21
1.01
-0.17
-0.39
-4.31
-7.21
-2.63
-6.82
-10.68
-4.52
-6.48
-11.36
-13.30
-6.58
-3.04
-6.66
-5.88
-5.24
-5.55
-6.63
-4.78
-5.06
-4.86
-4.10
-5.82
-12.09
-12.08
-15.42
-5.29
-7.38
-7.10
-6.98
-3.58
-8.43
-11.55
-13.27
-8.48
-8.82
-9.60
-8.53
-7.73
-5.60
-10.81
-12.64
-11.60
-11.84
-12.79
-13.10
-15.92
-4.86
-1.35
-2.14
-3.19
-3.01
-9.67
-7.26
-6.90
-5.56
-10.99
-15.98
-17.08
-18.35
-18.37
-9.36
-15.75
-17.31
-17.32
-12.27
-12.57
-13.36
-14.48
-12.83
-16.25
-17.98
-10.17
-10.19
-11.39
-10.18
-6.28
-5.26
-6.41
-9.06
-5.63
-1.93
-1.85
-2.69
-7.65
-7.38
-6.07
-5.64
-8.72
-11.49
-11.13
-8.09
-7.85
-10.16
-10.42
-9.79
-7.65
-5.25
-4.19
-2.91
-3.31
-3.89
-6.26
-4.74
-3.55
-3.73
-4.37
-4.45
-3.31
-2.29
-1.20
-2.21
-1.09
-3.53
-4.86
-2.25
-1.05
-1.90
-3.01
-3.48
-3.22
-4.17
-4.86
-2.73
-1.85
-1.50
-3.85
-3.11
-3.56
1.11
7.46
2.38
1.07
0.54
-0.07
1.70
1.71
1.39
1.95
1.73
1.43
0.25
-0.86
-2.05
-4.66
-0.44
0.06
1.71
3.51
2.37
-1.03
-3.09
-1.38
-0.97
-2.23
-2.18
-0.11
4.29
-0.83
-3.90
-4.38
-4.56
-1.23
-1.17
2.03
3.01
1.29
1.83
1.95
1.42
3.24
3.02
1.88
1.51
3.25
3.19
2.93
4.80
5.12
3.63
2.19
3.10
3.46
3.69
5.49
2.45
1.13
0.12
3.11
7.47
1.53
4.75
4.36
4.35
4.46
7.81
6.74
4.86
1.74
-0.73
-0.61
2.24
4.19
7.49
9.09
8.23
9.27
10.29
4.87
5.45
8.07
6.57
7.51
4.82
0.70
6.66
8.34
7.86
7.78
4.66
6.19
7.43
6.94
5.65
7.57
7.82
9.23
9.11
8.53
9.07
9.35
8.91
8.32
7.77
8.18
3.15
0.45
-0.47
-0.39
1.00
-1.59
-0.44
6.91
9.44
3.07
0.83
5.41
3.27
-0.64
-0.89
6.00
6.17
7.63
7.59
6.54
4.77
4.16
4.51
3.77
-3.09
-4.08
-4.11
-4.71
-2.87
3.80
5.79
5.33
2.27
2.27
0.15
1.33
5.24
5.57
5.39
4.28
3.90
1.14
1.16
3.73
2.85
1.45
-0.67
-2.77
-6.24
-6.94
3.55
2.02
2.91
0.08
-0.30
3.32
5.64
5.99
6.70
5.26
1.79
-4.28
-4.60
1.29
1.36
0.09
2.37
4.22
5.07
4.03
2.48
0.25
-1.61
-1.02
-2.02
-3.25
-3.94
-3.63
0.63
1.70
-0.09
-0.08
-0.67
-0.57
0.15
-0.41
0.38
0.25
0.03
-0.29
-4.50
-5.66
-9.10
-18.76
-20.66
-13.79
-7.40
-4.10
-3.15
-2.37
-2.90
-2.04
-3.49
-5.51
-7.43
-8.52
-5.90
-3.56
-11.97
-14.09
-13.38
-5.22
-3.00
-2.06
-9.23
-8.12
-4.94
-8.01
-7.32
-8.79
-7.88
-6.81
-12.67
-7.79
-0.72
-3.26
-4.20
-0.42
-2.40
-2.40
-0.82
1.25
-1.34
-2.95
-3.08
-3.37
-4.13
-5.97
-9.40
-8.05
-3.98
0.25
1.53
-1.66
-2.76
-5.80
-4.87
-2.62
-3.38
-1.09
-3.14
-3.64
-3.93
-6.31
-7.80
-10.82
-5.99
-6.28
-6.77
-4.91
-5.12
-4.95
-1.71
-2.50
-4.10
-5.75
-5.12
-5.26
-6.13
-6.27
-3.73
-3.54
-4.60
-5.75
-5.77
-4.26
-3.63
-5.98
-11.05
-7.80
-5.51
-3.91
-3.91
0.40
-0.83
-3.24
-3.76
-4.39
-6.92
-7.85
-11.14
-12.09
-10.63
-10.85
-9.62
-6.96
-8.41
-3.92
0.46
-4.68
-9.61
-5.85
0.27
1.37
0.55
-4.45
-7.79
-6.10
-1.36
-6.31
-8.14
-6.67
-6.08
-7.35
-3.85
-8.77
-6.69
-1.04
3.48
2.25
1.80
-1.34
1.50
-0.73
-3.10
-3.21
-2.63
-4.45
-8.77
-9.45
-7.22
-3.14
-3.65
-1.64
-2.63
-5.13
-6.87
-7.33
-7.32
-7.22
-7.73
-6.01
-5.96
-3.43
-9.25
-11.57
-9.61
-3.15
-1.12
-9.67
-10.04
-9.87
-10.62
-8.74
-8.71
0.27
1.39
2.30
3.87
1.33
1.15
1.26
0.91
1.27
0.21
-0.66
-1.87
-4.67
-5.29
0.23
0.10
1.99
2.08
2.16
2.75
3.23
4.28
4.39
3.39
2.35
1.99
1.72
1.67
1.16
1.91
-0.35
-1.40
-4.13
-5.19
-5.14
-6.14
-4.05
-2.84
-2.29
0.79
0.31
4.04
4.57
1.70
4.31
3.21
3.40
4.37
4.48
5.56
6.55
0.95
-0.30
3.01
4.69
4.67
4.34
0.80
2.90
5.12
4.92
2.67
2.35
2.57
4.68
8.55
9.20
6.48
6.12
4.94
4.15
5.16
5.20
2.47
2.12
6.13
5.21
4.79
4.49
7.17
9.72
11.43
10.74
7.85
7.96
7.56
6.41
5.66
6.65
7.60
1.08
-1.31
-2.24
2.20
7.10
6.46
6.20
6.73
5.47
4.76
5.58
5.35
5.30
6.68
8.33
8.15
10.14
8.82
8.34
8.11
8.51
10.11
8.28
8.87
8.22
6.77
6.09
2.87
-2.09
-1.61
-0.39
5.74
3.47
1.37
-1.15
-2.15
1.77
1.95
1.91
-0.27
2.66
3.03
2.01
1.72
1.03
0.89
3.36
5.74
6.37
7.95
5.65
5.03
5.90
3.84
-0.09
2.30
-0.17
-0.61
-0.24
-2.36
-1.21
1.86
5.84
6.61
2.85
2.40
2.84
1.43
-3.78
-6.25
-6.67
-5.05
-4.88
-2.17
-0.88
-2.45
-3.74
1.41
4.42
1.47
-0.74
-0.97
2.26
7.78
6.34
5.48
5.05
5.34
4.24
0.68
0.90
2.45
4.12
4.63
2.31
-3.74
-5.65
-8.78
-9.94
-10.49
-2.68
-6.99
-5.33
0.07
-0.53
-1.70
-0.32
-0.53
-0.79
-1.70
-2.48
-1.88
-0.49
-1.14
-4.05
-5.15
-6.26
-7.86
-7.08
-3.11
0.73
-5.38
-5.66
-5.02
-5.33
-2.72
-5.29
-4.81
-5.09
-5.69
-4.52
-5.18
-4.89
-6.66
-3.41
-3.28
-1.49
0.61
1.56
-3.08
-3.28
-6.64
-4.17
1.86
-5.22
-8.33
-4.70
-0.72
-0.14
-4.09
-4.71
-5.47
-7.54
-8.59
-8.78
-6.24
-6.60
-7.90
-9.49
-8.41
-9.94
-9.51
-9.56
-6.34
-6.43
-6.51
-6.17
-9.14
-9.22
-2.94
-4.67
-6.53
-4.27
-5.04
-4.58
-4.99
-3.07
-5.82
-5.39
-10.11
-9.43
-6.43
-7.13
-6.53
-3.94
-4.82
-5.07
-6.31
-7.05
-1.85
-0.78
-3.27
-5.04
-7.33
-7.09
-12.69
-11.92
-10.21
-3.84
-6.09
-7.09
-4.37
-0.97
0.44
0.87
-0.34
-1.44
-1.99
-1.84
-2.83
-4.16
-7.82
-8.59
-11.43
-14.23
-16.31
-10.35
-4.78
-5.25
-1.83
-0.86
-3.05
-2.08
2.96
1.05
-1.40
-1.80
-2.11
-2.28
-3.40
-4.79
-6.11
-3.67
-0.17
2.26
-2.14
-3.14
-11.73
-12.26
-12.58
-9.92
-10.31
-4.46
-2.41
-2.47
-3.79
-6.82
-9.72
-5.31
-2.58
-2.16
-3.22
-4.31
-7.34
-8.34
-7.87
-5.39
-9.32
-8.62
-9.46
-9.19
-12.53
-9.75
-8.36
-6.15
-5.96
-5.96
-5.52
-4.64
-4.05
-4.81
-1.84
1.74
0.37
1.38
1.00
2.07
2.25
1.51
-0.66
-0.92
-0.16
-0.07
0.38
0.29
-0.42
1.14
1.21
2.24
3.38
3.33
3.82
3.73
2.58
1.34
1.20
2.36
2.29
0.24
0.28
-0.87
-1.89
-3.05
-2.01
-1.21
0.62
-0.66
-1.91
2.38
2.04
-0.79
2.76
-2.46
-4.23
-3.55
-0.85
0.12
0.06
0.06
0.35
1.33
1.89
3.22
4.01
1.85
0.22
2.78
1.15
3.47
7.07
8.79
7.59
7.11
7.52
8.19
2.23
-0.09
0.25
-1.55
1.82
-1.31
-1.61
4.60
8.21
0.57
0.68
7.92
8.51
7.58
7.86
8.56
8.07
6.69
6.59
9.21
8.59
10.66
10.97
8.18
7.21
7.59
7.66
9.15
7.46
8.04
8.20
8.44
10.24
9.95
9.46
8.89
4.38
2.31
1.95
3.62
5.16
6.29
7.09
7.09
6.16
5.59
5.70
1.72
2.87
4.88
7.96
6.55
7.03
8.19
9.13
5.79
5.67
6.02
5.26
5.59
6.85
0.70
2.33
4.48
4.40
4.07
2.93
3.94
-1.34
-1.81
4.88
3.49
1.82
2.07
3.43
4.79
3.30
3.20
3.04
1.32
3.94
2.87
1.23
3.92
3.34
-1.68
-0.57
1.36
0.52
2.72
7.59
6.68
4.96
4.88
4.87
2.28
1.19
5.80
1.59
-1.80
5.43
5.34
4.72
5.39
6.44
6.37
6.62
4.22
1.46
0.33
0.55
1.11
3.06
3.11
-0.44
-1.60
-2.25
-3.36
-4.89
-4.32
-3.37
-3.31
-2.62
-4.46
-6.03
-8.57
-9.57
-9.39
-8.83
-7.09
-0.32
0.43
-1.14
-2.37
-3.77
-1.75
-1.67
-6.69
-4.85
1.87
-4.54
-5.96
-2.15
-4.82
-5.85
-11.64
-11.81
-8.32
-9.33
-8.40
-8.74
-9.40
-13.93
-14.54
-6.14
-1.93
-2.23
-10.28
-9.45
-6.24
-6.71
-7.36
-13.78
-12.68
-13.10
-13.32
-13.50
-12.85
-12.00
-9.71
-13.08
-12.66
-13.73
-8.67
-5.35
-4.99
-6.17
-6.17
-8.97
-9.38
-10.18
-1.74
-1.62
-3.60
-11.56
-4.77
-0.02
-9.10
-10.75
-7.24
-5.88
-7.03
-4.59
-0.27
-2.92
-9.61
-10.64
-7.01
-5.89
-8.00
-8.87
-8.67
-7.67
-8.40
-7.13
-9.00
-8.37
-8.00
-6.31
-5.31
-5.81
-5.31
-7.31
-5.83
-9.14
-11.51
-11.29
-11.37
-11.42
-17.30
-21.50
-20.97
-15.03
-14.58
-16.85
-19.11
-18.99
-19.21
-17.00
-17.85
-6.95
-6.93
-5.95
-6.98
-6.54
-6.92
-6.96
-4.75
-0.29
-2.18
-3.80
-4.79
-5.30
-5.11
-4.23
-3.73
-3.43
-0.10
-1.36
-0.50
-0.97
-4.88
-6.28
-5.10
-4.67
-5.05
-6.21
-5.50
-4.80
-4.46
-4.56
-3.76
-0.12
-1.40
-5.20
-5.58
0.36
-2.52
-3.95
-4.68
-6.58
-8.47
-7.03
-3.73
-2.36
-1.66
-3.00
-5.28
-8.05
-8.18
-5.05
-7.66
-2.35
-2.55
-1.57
-2.58
-3.61
-4.50
-3.85
-3.63
-12.39
-13.52
-14.21
-12.57
-13.05
-13.07
-11.55
-12.88
-9.25
-7.23
-6.28
-5.08
-5.26
-4.74
-2.79
-4.48
-8.19
-10.01
-11.57
-8.14
-7.69
-6.08
-2.92
-2.48
-2.75
-3.87
-4.01
-3.01
-5.97
-8.44
-9.19
-7.85
-6.71
-3.03
1.07
3.86
0.64
-2.02
-2.20
-0.06
0.68
1.18
1.21
1.06
1.20
2.34
2.36
-0.30
-2.30
-2.61
-0.30
-0.24
-0.37
0.78
1.54
0.59
5.20
6.48
4.76
4.31
3.79
-2.75
-3.57
-4.11
-2.00
0.65
5.86
6.95
6.74
7.40
7.14
-0.92
-1.81
-1.86
-0.58
2.87
6.11
7.74
9.18
8.85
10.64
7.99
7.85
8.90
9.12
9.47
10.72
8.61
4.88
4.95
9.62
6.41
4.86
8.98
8.58
9.08
9.10
8.05
5.58
1.56
1.20
1.88
3.70
7.57
6.07
3.34
2.43
3.81
5.96
7.38
7.65
8.42
10.37
6.57
7.59
9.98
8.30
7.36
8.98
8.19
6.86
5.93
-0.63
5.73
6.15
6.65
7.00
9.06
7.53
7.97
9.43
10.08
9.63
8.09
7.88
6.85
6.84
5.33
4.88
5.20
5.39
5.09
4.65
6.30
4.68
4.37
6.01
7.15
6.11
5.52
5.52
4.77
5.17
5.82
10.53
8.55
7.29
6.70
5.91
3.71
6.63
6.54
0.06
-2.47
-2.56
2.33
0.56
-0.04
-0.99
5.09
4.54
4.96
-2.37
0.11
0.07
2.14
4.94
4.97
0.13
-0.75
-0.85
-1.41
-1.99
-0.82
-5.07
-8.58
-10.07
-10.84
-11.07
-5.35
-0.63
1.42
-0.30
-1.77
-2.21
-1.84
-3.61
-4.99
0.48
0.26
0.28
-6.64
-9.38
-9.74
-6.83
-3.15
-9.29
-11.93
-5.68
-2.38
-4.92
-9.34
-8.47
-9.80
-11.55
-3.58
-5.37
-6.44
-7.79
-8.56
-6.20
-6.04
-2.55
-0.33
2.05
1.65
0.99
-1.35
-0.30
-3.15
-4.53
-2.27
-4.65
-7.02
-6.00
-3.44
-9.89
-10.95
-12.18
-9.20
-6.67
-6.18
-6.26
-8.44
-7.52
-9.40
-9.68
-13.87
-13.00
-3.14
-2.77
-10.35
-12.39
-5.07
-9.38
-8.39
-2.83
-4.31
-4.40
-3.26
-1.33
-0.99
-8.70
-6.30
-1.68
-0.18
-2.36
-5.53
-8.81
-9.38
-9.33
-5.69
-3.91
-0.43
-0.16
-1.44
-2.27
-5.23
-11.00
-12.21
-12.79
-9.02
-9.41
-7.01
-7.75
-6.93
-6.63
-7.64
-3.32
-3.00
-3.02
-5.95
-7.94
-8.30
-5.78
-3.19
-1.21
-0.95
-5.13
-10.35
-6.97
-1.27
-7.79
-9.49
-7.50
-13.58
-17.99
-18.83
-12.81
-12.63
-11.29
-7.52
-5.40
-2.57
-5.23
-6.39
-6.49
-5.81
-5.35
-6.85
-7.15
-6.36
-1.49
-1.38
-1.93
-1.77
-4.73
-6.16
-6.08
-11.10
-12.11
-7.42
-6.98
-4.92
-6.01
-2.71
-4.82
-5.71
-2.65
-6.45
-7.34
-10.42
-13.42
-13.64
-13.08
-10.92
-14.01
-13.94
-8.82
-10.28
-12.77
-9.91
-5.11
-3.27
-7.42
-8.21
-5.38
-5.49
-3.19
-2.00
-2.89
-4.24
-8.59
-9.35
-8.78
-12.77
-13.61
-8.18
-3.94
-3.06
0.63
0.23
-1.47
-0.51
4.27
2.55
-0.02
-6.86
-8.40
-8.85
-1.55
-2.04
-2.46
0.60
-0.84
-1.59
0.33
-0.63
-0.63
-0.01
-3.78
-3.18
4.10
4.85
3.99
4.49
3.78
4.95
1.98
-1.51
-1.28
-1.28
0.13
1.74
1.45
2.38
2.83
3.06
3.35
3.02
4.70
4.04
3.75
1.24
1.22
-1.24
-2.14
-0.80
-0.64
-0.44
1.73
0.77
0.64
1.80
3.89
6.29
4.89
5.51
4.29
-0.33
-1.24
-1.80
4.59
4.07
3.07
2.73
3.59
3.46
3.76
6.08
5.25
2.19
2.02
3.96
-0.17
0.53
1.80
2.60
3.76
3.76
2.77
1.89
1.87
0.94
5.08
7.34
7.14
6.88
7.32
9.72
11.24
8.98
7.21
7.28
8.20
7.85
7.72
8.97
8.74
11.15
10.68
9.61
9.17
8.82
8.98
8.32
10.05
11.62
10.79
11.06
8.51
2.42
2.29
2.84
3.51
3.87
3.55
5.51
8.54
8.67
12.16
8.87
7.76
6.22
4.95
7.00
8.06
10.24
10.13
10.85
2.02
2.74
-2.16
-3.82
-2.75
3.59
-4.61
-4.85
-3.19
4.44
4.57
5.42
3.64
4.57
4.87
4.33
3.22
2.68
6.36
7.93
5.85
5.00
3.32
4.12
-0.03
1.46
0.89
2.53
5.61
5.67
2.24
-1.41
-0.56
-0.50
0.71
-0.42
-0.22
0.24
0.36
-0.64
0.29
2.20
0.63
0.34
-0.75
-0.13
-1.34
-3.49
-4.63
-6.73
-10.43
-8.14
-1.69
-7.87
-9.87
-8.36
-7.80
-4.66
-6.91
-2.31
-1.29
-5.11
-3.70
-1.86
-1.35
-0.57
-0.36
-0.12
1.36
4.66
2.69
1.65
2.53
-4.29
-3.77
-8.79
-10.32
-10.31
-0.95
-6.53
-11.13
-12.26
-2.88
-6.01
-2.03
-1.90
2.53
0.88
-0.39
-3.09
-6.10
-1.87
-1.51
-0.49
-4.57
-4.26
-9.42
-9.40
-10.47
-11.50
-5.09
-6.63
-6.90
-4.88
-5.74
-5.09
-7.34
-2.17
-2.29
-3.90
-4.18
-5.14
-3.79
-0.12
-4.71
-5.12
-3.48
-2.73
-1.46
-3.82
-3.63
-2.03
-2.45
-4.28
-5.38
-5.53
-12.95
-13.59
-11.04
-5.78
0.31
-2.39
-5.67
-3.54
-3.12
-1.30
-1.49
-1.06
-1.53
0.61
2.10
1.89
-1.65
-6.57
-2.62
-0.64
-1.75
-3.34
-2.98
-12.55
-14.31
-8.67
-5.36
-4.24
-3.31
-5.22
-3.97
-1.22
0.30
-1.92
-3.31
-2.49
0.67
-0.08
-1.50
-4.16
-2.60
-3.94
-4.95
-4.36
-5.20
-6.43
-6.60
-4.14
-12.78
-13.08
-16.24
-18.51
-21.30
-22.47
-9.84
-13.42
-12.11
-11.14
-7.34
-8.27
-12.07
-13.13
-12.50
-8.01
-4.64
-9.83
-9.24
-6.39
-6.49
-6.17
-6.28
-5.85
-4.65
-4.74
-2.77
3.11
2.59
1.89
-0.49
-1.68
-3.33
-10.00
-14.70
-16.91
-15.28
-13.30
-11.67
-9.19
-2.28
-5.04
-9.71
-10.37
-11.50
-11.31
-3.12
-3.33
-1.82
-1.41
-4.46
-7.06
-9.26
-6.79
-6.38
-5.94
-6.30
-6.72
-4.79
-2.14
1.01
1.93
0.39
0.24
-0.08
-1.41
-2.79
2.38
0.39
-1.08
-1.55
-1.86
-2.02
-1.05
-0.02
0.43
-1.26
-0.71
-0.50
1.07
1.28
0.83
-0.52
-0.57
-0.78
-1.38
-3.03
2.45
4.25
4.11
-1.45
-3.72
0.30
2.52
6.09
8.04
9.21
0.49
-1.59
-0.74
2.27
0.42
5.84
-1.16
-1.71
1.08
5.50
7.03
8.08
8.06
6.55
5.65
-2.08
-3.07
-2.65
-0.63
1.46
2.75
2.05
2.65
8.98
7.28
7.67
4.27
3.50
2.61
2.72
6.41
6.57
6.47
4.84
5.41
5.22
4.98
4.95
8.55
6.78
2.62
1.00
5.06
5.99
-1.58
-2.88
-3.42
-3.17
0.38
4.16
9.07
10.29
8.11
3.10
1.17
0.47
0.26
0.23
7.46
4.15
0.47
1.80
7.18
9.75
10.78
3.46
4.58
8.88
11.24
10.68
10.30
8.90
7.46
5.08
3.56
4.06
2.78
9.90
9.52
10.51
6.42
9.02
10.21
10.58
8.47
8.64
12.47
10.04
7.81
5.50
5.46
6.40
0.51
0.15
0.13
2.96
3.33
2.52
2.50
0.85
-1.42
-1.78
3.71
3.87
6.22
2.48
-0.00
0.42
-0.28
-1.10
-1.53
-0.62
0.43
1.35
2.92
6.54
8.66
10.13
6.95
4.08
2.52
-2.79
-4.64
-5.08
-5.05
-6.20
0.11
0.71
-3.63
-3.67
-3.47
3.96
-1.04
-1.17
-3.49
-3.61
0.52
5.75
1.74
1.14
-1.21
-1.99
-1.42
-0.52
-1.47
-1.62
-1.27
-9.23
-10.08
-4.29
-4.39
-3.44
-2.18
-3.85
1.19
3.07
0.35
-0.07
2.11
2.10
0.61
0.05
2.52
-0.74
-3.10
-5.04
-5.90
-6.86
-5.06
-9.68
-9.70
-9.75
-10.87
-9.83
-7.09
-10.56
-12.23
-15.94
-15.57
-14.41
-7.63
-5.07
-3.01
-0.61
-3.13
-2.87
-6.84
-4.79
-8.39
-6.67
-0.14
0.94
-1.48
-3.19
-7.14
-9.07
-4.75
-4.11
-11.71
-12.78
-3.19
-10.14
-9.90
-9.68
-9.33
-5.58
-1.21
0.43
-12.55
-13.38
-8.66
-13.80
-12.53
-16.39
-16.13
-14.06
-8.77
-5.81
-3.43
-13.61
-9.95
-6.62
-8.58
-8.85
-5.00
-6.48
-7.61
-6.81
-4.54
-9.05
-5.57
-2.77
-9.63
-9.45
-11.04
-13.41
-13.15
-10.47
-9.59
-10.45
-5.18
-4.25
-3.46
-3.26
-11.58
-10.19
-13.55
-15.19
-4.48
-8.14
-4.11
-4.53
-4.01
-4.50
-6.79
-8.14
-10.93
-10.66
-11.38
-13.03
-13.56
-14.67
-15.47
-15.30
-9.93
-11.22
-12.73
-9.12
-9.67
-8.42
-8.71
-7.21
-5.83
-7.46
-7.87
3.67
-2.34
-3.57
-4.76
-6.28
-4.26
-8.55
0.11
-3.80
-2.75
-1.79
1.06
0.96
0.65
-2.71
-6.00
-4.29
-4.98
-8.74
-9.69
-9.72
-4.92
-6.02
-4.69
-3.72
0.07
1.32
0.35
-6.00
-5.47
-0.80
-1.83
1.98
-1.66
-10.07
-12.65
-14.17
-11.06
-12.89
-12.89
-11.22
-10.90
-11.83
-11.81
-11.49
-10.57
-7.93
-9.45
-9.95
-5.45
-2.17
-3.52
-3.17
-3.38
-4.59
-4.04
-2.01
-1.20
-4.15
-4.34
-1.96
1.64
2.63
2.89
3.47
1.94
1.80
-1.74
-4.92
-1.62
4.20
-1.52
-1.80
-1.61
0.67
-0.62
-0.32
2.37
1.68
2.81
1.91
-2.19
-2.00
-1.42
-0.08
2.95
4.67
1.10
1.03
-1.32
-2.62
2.95
2.48
4.08
5.19
7.29
3.49
-0.39
-2.77
-4.08
-3.16
4.14
2.72
-3.96
-3.22
-3.97
-2.20
2.65
2.85
3.67
4.16
4.00
6.62
3.40
3.67
4.18
4.76
10.00
10.69
10.30
4.77
7.11
7.85
9.11
9.79
9.53
12.79
13.24
10.15
6.65
6.28
2.43
2.45
3.79
6.75
9.44
7.93
9.04
10.16
9.93
10.66
13.78
7.01
5.03
4.22
6.98
9.11
8.12
8.65
8.94
9.27
10.16
9.69
9.03
9.81
8.17
7.00
6.75
9.88
12.70
10.56
11.96
12.01
9.16
12.07
7.11
4.30
3.99
4.92
3.89
6.88
7.81
3.94
1.79
3.78
8.18
10.09
10.36
8.95
5.14
1.55
3.62
4.01
9.36
6.48
10.30
8.93
2.43
2.12
1.51
4.24
4.91
7.57
8.52
-1.73
-2.25
2.55
3.75
3.37
4.41
-2.36
-3.08
-3.90
-6.77
-7.06
-5.90
-0.95
0.26
4.36
8.99
5.54
5.46
4.67
2.82
3.79
5.82
7.21
5.38
3.57
0.40
-3.09
-4.73
-0.28
-2.39
-2.18
1.92
3.24
3.97
5.71
3.98
4.24
4.78
4.24
3.95
1.96
0.88
1.92
1.65
0.90
-2.17
-4.54
-2.94
-6.22
-6.33
-3.39
-6.28
-0.98
4.83
1.21
1.54
3.14
5.03
0.58
-1.93
-0.72
-2.04
-2.03
-4.16
-4.57
-2.85
-0.88
1.01
1.39
-3.41
-5.86
-6.15
0.90
3.17
3.04
4.07
2.10
1.63
1.91
0.58
-0.75
-0.17
-3.77
-4.39
-2.78
-2.84
-2.90
-0.70
-1.07
-5.89
-5.08
-4.83
-2.44
-2.37
1.71
6.92
2.68
-5.86
-5.97
-6.21
-5.58
-6.34
-8.77
-11.47
-15.31
-15.37
-11.66
-8.67
-8.89
-7.49
-5.79
-3.06
-1.88
-5.61
-9.05
-16.28
-18.35
-17.34
-17.59
-18.69
-11.50
-12.04
-10.85
-8.12
-9.58
-14.30
-15.74
-16.43
-9.60
-2.78
-3.07
-2.67
-7.84
-11.10
-8.11
-9.41
-5.44
-7.17
-11.20
-3.89
-11.11
-14.28
-7.78
-7.58
-6.98
-8.72
-1.12
-5.32
-4.10
-2.88
-1.48
-1.71
-1.37
-4.62
-7.97
-6.36
-6.57
-4.18
-4.08
-8.34
-1.02
-8.41
-5.32
-12.33
-11.23
-2.92
-4.14
-5.28
-10.96
-9.99
-7.35
-12.69
-14.70
-7.98
-5.43
-9.70
-12.74
-14.92
-14.05
-13.54
-14.06
-11.76
-11.84
-4.64
0.44
0.24
-6.71
-8.92
-10.30
-12.37
-10.15
-3.52
-5.50
-13.87
-16.20
-13.59
-5.34
-2.38
-4.47
-6.38
-15.89
-18.10
-16.59
-16.82
-15.71
-4.73
-0.98
1.82
1.11
0.85
0.48
-0.29
-4.13
-4.34
-5.75
-4.40
-3.83
-5.76
-9.54
-9.51
-9.47
-9.80
-4.27
-7.77
-8.11
-1.85
-0.99
-0.87
-1.12
-5.02
-4.67
-3.21
-3.23
-2.92
-2.75
-1.77
0.43
1.76
2.97
3.08
3.04
2.73
2.39
1.35
0.48
-0.83
-2.04
-8.70
-8.87
-6.57
-1.48
-2.57
-1.21
-6.33
-6.60
-5.68
-0.82
0.91
2.97
4.37
1.53
1.17
4.54
2.20
-0.79
-1.05
-0.72
-1.58
0.13
0.30
-1.92
-2.56
-0.26
2.39
1.16
-1.76
-2.71
-2.63
-3.04
-3.20
-2.28
-1.28
0.26
2.48
4.33
8.52
7.01
4.43
-1.79
-2.61
0.22
9.00
8.34
7.84
6.76
7.94
7.78
9.65
2.93
3.37
4.00
3.07
7.25
9.24
9.91
9.43
6.44
7.06
8.99
7.03
6.12
4.53
4.62
6.05
12.83
12.95
12.19
8.99
7.35
12.04
12.21
12.06
8.41
6.71
7.59
8.52
8.46
8.41
9.54
10.47
10.70
9.04
7.40
5.70
4.51
4.20
8.04
8.97
8.40
7.73
6.24
6.24
7.14
5.86
5.70
7.10
6.13
5.98
7.46
6.88
5.81
5.36
3.63
3.76
-2.28
-2.01
-1.28
-1.88
-1.63
-0.35
-1.90
-2.42
1.41
1.11
0.90
0.51
-0.66
4.15
4.26
3.83
-0.58
-0.69
-0.33
-0.03
0.48
5.01
1.46
0.00
0.42
0.40
0.50
-0.73
-3.49
1.53
2.38
-5.55
-6.87
-2.45
1.76
5.58
6.14
5.77
3.59
4.05
4.59
7.92
9.35
7.55
6.08
6.36
4.36
4.36
4.29
4.76
5.91
5.55
6.74
6.12
4.71
0.95
0.22
2.19
2.43
4.36
3.29
2.41
1.86
0.78
1.00
-0.10
-5.46
-6.34
-13.39
-9.59
-3.04
-2.47
-2.76
-0.91
0.87
3.43
1.54
-1.99
-2.80
-0.51
-0.47
-9.60
-14.89
-10.38
-8.41
-1.64
-3.09
-0.86
-0.42
-3.92
-1.24
-3.71
-6.25
-6.13
-3.18
-5.86
-6.15
-7.18
-11.12
-14.14
-13.16
-11.07
-4.30
-2.25
-1.57
-2.75
-10.87
-16.14
-14.03
-10.61
0.46
-2.82
-8.28
-8.08
-2.30
-1.77
0.66
-4.64
-4.24
-1.77
-8.64
-15.32
-9.87
-5.09
-3.53
-3.52
-4.00
-4.36
-8.49
-2.65
-2.16
-2.59
-4.96
-4.95
-1.06
-0.55
-0.05
-0.71
-2.23
-1.83
-3.52
-2.10
-1.70
-2.77
-2.53
-5.62
-4.00
-3.60
-2.70
-3.91
-4.46
-6.01
-7.10
-6.42
-4.10
-3.58
-7.79
-9.55
-4.94
-6.47
-11.81
-14.93
-10.99
-13.50
-15.97
-15.78
-9.28
-10.23
-10.69
-11.73
-13.37
-11.58
-4.86
-11.00
-10.20
-12.61
-17.03
-14.82
-17.92
-16.97
-15.30
-6.82
-6.96
-5.11
-3.70
-5.30
-9.41
-13.51
-16.11
-15.87
-13.15
-9.19
-10.19
-9.34
-7.61
-9.03
-9.34
-10.96
-6.21
-2.77
-4.73
-4.77
-6.33
-6.52
-7.82
-5.41
-5.49
-4.08
0.28
3.44
1.58
-1.80
-6.14
-10.70
-11.93
-12.66
-13.26
-7.27
-12.25
-12.76
-11.94
-4.43
-3.53
-2.59
-2.60
-2.61
-2.25
-4.64
-5.29
-3.23
-6.32
-5.77
-1.82
-2.23
-2.75
0.21
2.18
2.51
2.72
-2.92
-3.56
-2.68
-0.21
1.22
0.77
-0.80
-1.49
-1.49
-6.56
-6.14
-4.92
-1.17
0.56
1.89
-0.44
-1.01
-1.34
-0.26
-0.77
-0.81
-0.11
3.49
3.13
0.90
4.02
-1.59
-3.33
-3.18
-3.84
0.39
5.23
0.90
1.71
-1.54
-1.50
3.95
8.31
8.27
5.04
2.07
1.82
4.13
8.73
10.16
10.03
7.49
6.96
8.98
9.55
9.04
8.43
7.64
7.28
5.89
5.30
4.75
6.74
6.17
1.95
-5.32
-5.35
-2.61
-1.60
-1.63
-0.68
2.24
2.54
-0.44
0.80
-1.55
-1.52
6.03
0.67
1.22
1.30
-1.91
-2.31
-0.27
2.91
5.58
6.72
9.36
10.06
10.70
8.58
8.06
6.87
6.40
6.34
8.68
10.29
6.44
6.18
9.28
9.53
7.71
7.00
5.34
5.92
10.35
7.25
4.00
4.09
5.96
6.73
7.98
8.13
7.75
4.97
3.82
1.10
0.93
2.78
4.07
4.44
6.46
6.44
7.47
6.49
4.42
4.24
4.18
3.39
2.00
2.53
2.09
-0.40
-0.84
-0.59
0.39
-0.75
-1.48
2.51
3.47
3.09
0.14
-2.02
-0.18
-0.59
-0.88
0.84
-1.91
-5.55
-6.12
0.20
0.93
1.62
1.14
1.42
-0.65
0.47
-0.42
-2.58
-4.50
-4.71
-2.32
0.29
-1.53
4.90
7.42
-2.48
-4.82
-5.53
1.52
-5.04
-5.05
2.64
3.16
-0.96
-1.51
0.74
0.86
1.54
2.05
0.03
-4.28
-6.05
-6.90
-3.71
-3.08
0.31
2.27
7.30
7.54
4.36
-0.93
-0.29
3.02
-4.28
-3.79
1.47
-1.43
4.72
7.07
4.44
-6.19
-2.05
-2.23
-6.12
-4.22
-1.67
-0.47
-0.05
-2.86
-5.46
-3.66
-0.38
-0.48
-10.61
-12.05
-9.62
-13.90
-10.94
-11.64
-14.76
-6.57
-10.99
-12.58
-14.53
-17.08
-9.38
-10.74
-10.25
-10.88
-2.91
-1.45
-1.07
-1.24
-0.97
-2.92
-3.25
-5.80
-5.97
-2.76
-4.67
-1.46
-0.90
-1.31
-1.13
-1.55
-4.26
-2.97
0.18
-3.34
-4.07
-7.60
-9.08
-9.73
-15.37
-15.54
-16.83
-17.71
-9.41
-9.58
-4.88
-10.93
-11.68
-10.58
-7.42
-6.28
-6.93
-7.71
-4.70
-2.00
-0.99
0.20
0.47
-1.28
-3.03
-4.50
-5.30
-4.56
-0.63
0.12
1.94
-2.84
-1.32
-3.34
-8.12
-8.44
-3.68
-3.65
-4.11
-3.82
-5.37
-7.27
-5.70
-9.65
-11.43
-0.69
-2.19
0.13
-3.03
-4.54
-3.66
-11.36
-12.19
-13.79
-13.90
-7.79
-8.61
-11.46
-6.35
-2.80
-0.20
0.55
-3.08
-1.59
-8.58
-11.40
-2.24
-0.02
0.18
0.55
1.92
-4.65
-6.83
-1.41
0.31
0.42
0.86
2.54
0.31
-1.26
-4.73
-5.83
-0.86
-0.04
-2.56
-9.18
-10.00
-4.77
-4.88
-5.44
-7.01
-7.24
-3.19
-0.78
-11.00
-13.50
-9.84
-2.82
-2.34
-1.08
-2.31
-7.54
-3.63
-2.09
-0.90
-0.85
-0.27
-0.10
-2.34
-4.93
-3.99
-2.83
-3.18
-7.35
-7.73
-5.41
-4.71
-11.90
-12.65
-9.66
-10.02
-4.40
-3.46
-1.37
-3.48
-3.13
-6.02
-4.72
-0.99
0.38
3.61
2.30
-0.52
-8.24
-9.61
-8.59
-5.76
-4.00
0.93
0.41
1.82
5.54
6.12
5.27
4.23
2.15
2.70
-1.57
-1.77
-1.54
-0.12
3.37
4.02
4.43
5.87
5.92
4.86
4.71
4.59
0.41
1.66
1.98
2.51
4.91
4.09
7.45
5.87
5.83
7.80
9.00
7.53
7.00
3.82
2.67
4.98
2.93
1.46
0.59
0.37
0.64
-2.08
-2.06
-1.97
-1.66
1.62
0.43
-0.14
-0.89
-1.06
-0.13
3.22
2.66
0.87
-0.04
0.44
0.44
3.46
6.83
4.68
4.46
5.97
7.35
6.89
6.11
9.40
6.14
-0.26
0.90
1.85
2.11
6.52
8.67
6.81
4.88
5.66
8.68
8.18
8.73
8.25
4.90
3.84
8.13
8.89
10.76
8.32
8.45
7.32
8.63
10.42
10.64
9.84
9.85
9.50
10.38
9.16
7.63
6.57
7.73
8.53
8.15
8.02
7.92
9.53
9.51
8.53
7.39
6.72
-0.25
-1.86
1.90
9.90
9.55
5.27
6.01
8.38
9.39
8.39
5.64
6.19
9.67
10.54
9.87
7.16
1.87
0.53
4.49
6.53
8.25
9.41
7.18
7.19
5.19
4.54
5.03
6.45
6.66
8.09
8.04
6.51
5.99
8.84
10.29
5.06
5.15
7.09
7.93
6.01
4.33
5.33
6.72
4.54
0.85
-5.16
-7.85
-7.49
-7.07
-0.83
2.14
6.24
7.35
5.19
3.22
3.39
2.03
1.64
1.04
1.63
0.07
-5.82
-5.84
-2.29
-2.33
-0.95
0.10
2.04
1.42
0.25
2.21
-0.43
-3.04
-4.70
-5.24
-5.24
-6.72
-9.47
-6.58
-1.35
-0.13
-0.86
-1.10
-3.58
-4.46
-6.01
-3.85
-4.45
-0.50
-1.69
-1.52
-1.14
-1.97
-5.13
-6.14
-8.60
-13.51
-14.89
-13.56
-7.27
-4.59
1.07
-2.90
-5.95
-3.73
-0.44
-7.29
-9.10
-9.85
-12.03
-11.90
-6.18
-0.20
-2.38
-5.75
-5.81
-5.64
-4.70
-0.76
0.05
-6.66
-8.29
-13.18
-10.93
-3.03
-1.49
-3.37
-7.77
-8.03
-7.71
-8.35
-7.80
-4.03
-3.53
-1.70
2.56
5.13
2.31
-0.67
-7.31
-8.66
-7.39
-10.03
-5.48
-8.71
-15.32
-11.86
-8.64
-6.82
-8.80
-10.04
-8.05
-7.10
-6.89
-4.39
-6.92
-8.01
-8.32
-8.60
-6.98
-4.60
-3.65
-3.94
-8.77
-9.29
0.59
1.13
1.61
1.87
3.32
2.19
0.38
0.09
-5.79
3.33
2.55
3.27
-1.28
-8.63
-8.62
-3.60
-0.76
-0.92
-0.16
-6.62
-9.31
-9.69
-1.38
0.29
-8.83
-7.66
-4.75
-6.27
-16.12
-16.02
-8.76
-8.70
-10.28
-4.20
-4.67
-2.61
-0.97
-0.36
-4.15
-4.70
-5.51
-6.28
-9.04
-12.22
-6.94
-4.29
-2.67
0.02
2.15
0.62
0.17
-1.70
-2.71
-0.62
-4.10
-4.43
-6.76
-6.15
-6.75
-6.44
-8.25
-10.23
-9.93
-12.35
-14.60
-6.40
-11.65
-8.97
-9.99
-10.66
-4.31
-1.89
-0.02
0.32
-1.21
0.88
1.60
-5.54
-5.84
-5.48
-0.93
-3.11
-2.85
-2.10
-1.95
-2.09
-3.16
-1.82
2.44
4.43
6.43
7.02
7.16
7.34
5.23
4.65
2.40
1.01
1.31
1.53
3.04
2.73
1.12
0.64
-0.20
-1.10
0.39
0.71
1.16
-0.26
1.59
-0.25
-0.01
5.54
4.16
5.70
10.01
6.20
1.94
0.56
5.79
1.40
-3.16
-5.23
-5.04
-0.94
-0.91
-1.57
-3.19
2.01
5.62
9.81
12.75
8.47
5.95
7.22
8.68
8.28
8.61
7.98
6.90
7.21
8.90
4.82
2.03
2.47
4.48
9.43
2.89
-0.88
0.85
4.91
4.61
5.15
4.48
1.31
0.20
5.16
5.57
8.08
11.19
14.33
9.41
8.89
10.59
8.79
8.43
8.74
5.12
3.91
4.60
9.42
8.19
5.17
4.36
5.15
7.66
8.95
9.01
12.07
13.08
12.93
13.71
13.08
7.86
8.36
6.83
9.96
10.46
9.65
7.09
6.74
6.43
4.93
5.70
6.38
1.26
1.16
6.61
1.51
0.47
1.12
3.68
5.00
8.39
10.53
6.61
6.59
1.18
0.93
5.25
3.66
6.43
8.28
-0.30
-3.76
-5.51
-5.35
-3.34
0.79
-1.67
1.99
6.29
3.55
3.55
3.64
3.74
3.27
4.76
2.56
-0.59
-0.90
0.71
0.30
-1.23
-1.40
-3.19
-3.01
-1.32
0.05
-1.52
-2.46
-2.57
-2.08
0.40
-4.08
-4.19
3.08
4.98
5.02
1.08
0.25
-6.34
-7.81
2.48
4.13
3.89
-2.20
-5.54
-6.06
-6.48
-0.07
-6.04
-5.79
-5.16
-2.87
-3.06
-1.75
-6.63
-7.77
-2.92
-2.67
0.90
3.73
-3.65
-7.91
-7.54
-9.47
-8.93
-9.86
-13.14
-12.36
-10.47
-12.65
-15.36
-16.24
-14.08
-9.09
-6.66
-7.11
-7.88
-9.77
-9.04
-7.82
-8.67
-5.66
-7.03
-7.01
-11.66
-14.70
-17.64
-17.65
-12.67
-5.68
-6.01
-7.86
-5.70
-0.57
1.89
5.74
2.98
1.26
0.09
-8.72
-8.30
-10.92
-6.67
-5.21
-11.30
-10.07
-3.13
0.17
-5.84
-5.06
-5.76
-5.21
-4.42
-6.26
-8.07
-4.18
4.92
5.36
-2.44
-7.78
-10.93
-8.80
-12.66
-13.55
-12.54
-9.12
-6.63
-1.22
-3.09
-3.30
-2.32
-1.66
-2.45
-3.00
-2.94
-3.35
-1.73
-9.18
-11.64
-11.89
-16.89
-22.17
-21.44
-8.50
-3.11
-2.03
-1.51
-10.08
-11.46
-16.18
-18.18
-13.90
-20.71
-21.12
-22.32
-18.44
-10.00
-9.81
-8.54
-11.80
-11.97
-5.73
-4.07
-4.82
-13.76
-14.27
-14.07
-6.52
-3.66
-1.06
-4.83
-4.75
-2.84
-4.05
-9.34
-11.00
-13.43
-14.41
-13.55
-3.68
-0.35
0.51
0.38
-0.71
-0.29
-0.95
-1.34
-4.90
-6.63
-9.17
-9.36
-6.06
-8.83
-9.91
-1.75
-1.95
-3.32
-8.81
-9.18
-5.80
-3.21
-1.91
-1.35
-1.47
-2.62
-1.27
0.65
1.43
-5.94
-6.89
-5.47
-3.54
-7.73
-8.04
-8.63
-9.49
-9.22
-10.37
-10.83
-9.69
-8.81
-4.79
-3.27
-4.53
-3.72
-5.75
-4.80
-0.42
-0.90
-0.61
-1.38
-1.09
1.22
3.37
4.46
2.45
0.90
0.82
3.30
-0.19
-0.00
2.59
2.53
2.35
2.83
1.23
0.14
-0.58
4.26
3.14
-0.50
-2.29
-2.08
0.48
0.33
5.16
4.20
4.50
6.32
4.14
8.55
8.49
8.10
8.90
3.72
0.76
-0.77
4.19
-0.12
0.38
-0.48
3.09
0.90
1.26
2.29
2.84
0.71
2.46
4.74
4.18
2.08
1.85
1.01
-4.27
-4.56
2.82
4.98
6.19
5.87
1.62
1.77
5.73
4.72
4.96
8.72
10.97
12.31
6.87
3.09
2.81
4.47
5.21
6.01
6.21
6.94
5.80
4.20
4.17
4.09
8.08
7.31
8.03
7.84
7.33
1.59
0.95
3.55
8.13
8.81
7.94
6.93
6.68
7.21
6.11
5.77
6.99
6.17
9.45
8.73
5.92
7.56
5.95
8.63
2.47
4.67
2.47
1.78
4.37
6.33
3.89
3.79
4.74
5.09
5.62
6.32
8.25
7.50
9.41
13.96
7.80
6.88
7.36
5.00
4.82
4.54
7.14
6.54
1.54
4.28
4.10
4.61
4.65
6.84
7.81
8.75
8.92
8.59
8.44
6.79
6.26
5.66
4.13
3.63
5.37
1.03
0.68
5.23
7.07
6.36
6.08
2.09
2.14
0.10
3.46
-0.71
-0.36
4.72
-3.41
-5.75
-7.39
-3.62
-0.89
1.43
1.83
5.07
5.42
5.35
4.28
3.94
2.14
1.90
1.40
-1.29
-1.27
-0.59
2.59
3.63
-1.35
2.35
2.62
0.87
3.51
9.33
9.88
4.01
2.01
6.87
0.35
-0.47
-0.28
0.90
-7.28
-7.78
-2.47
-6.05
-8.37
-8.27
-4.73
0.88
-5.51
-5.71
-6.97
-13.50
-12.95
-14.88
-14.97
-11.07
-12.72
-8.17
-7.78
-1.04
-1.30
-3.07
0.66
0.08
-0.60
-0.78
-1.96
-0.40
-6.90
-13.15
-9.18
-0.68
-1.91
-5.78
-12.42
-12.03
-9.55
-10.80
-7.96
-14.53
-15.23
-11.00
-3.84
-7.81
-16.23
-11.91
-4.40
-2.39
-4.07
-5.75
-6.12
-10.98
-13.26
-14.09
-15.16
-13.10
-8.98
-4.54
-1.12
-3.45
-4.60
-2.52
-4.92
-6.89
-6.41
-8.09
-7.28
-7.08
-9.44
-9.41
-5.29
-3.76
-2.33
-5.82
-6.58
-6.02
-6.70
-12.48
-13.71
-14.56
-14.16
-11.96
-9.44
-8.63
-8.07
-4.41
1.09
1.84
-3.58
-4.37
-3.76
0.02
-0.76
-5.03
-3.35
-10.31
-9.19
-6.43
-7.59
-5.75
-4.53
-5.25
-12.72
-14.91
-13.94
-9.09
-13.07
-11.06
-9.70
-10.84
-5.71
-3.36
-3.41
-4.08
-2.82
-4.86
-10.77
-12.80
-5.19
-10.40
-11.18
-1.35
-4.05
-4.26
-0.08
0.46
0.27
-0.43
-1.94
-2.85
-8.85
-6.56
-2.09
-5.70
-6.14
-6.02
-3.08
-2.45
0.54
-3.79
-4.66
-8.00
-10.62
-9.95
-9.54
-10.63
-9.06
-8.21
-7.31
-2.86
-4.55
-4.88
-5.93
-5.54
-2.54
-3.89
-3.63
-3.50
-6.77
-5.76
-2.22
-4.95
-5.12
-4.47
-4.65
-3.57
-3.13
2.76
4.56
-4.21
-4.34
1.02
3.35
4.34
-0.55
-1.19
-0.08
2.78
2.99
2.31
2.37
1.74
2.51
2.67
2.66
4.72
5.34
1.77
0.90
3.25
2.72
5.80
6.10
2.38
-1.20
-3.25
-4.20
0.38
-2.64
2.13
3.31
3.46
3.90
-0.23
0.86
-1.21
-2.14
0.36
2.72
8.61
8.12
8.53
5.64
1.09
0.27
7.11
8.67
6.34
5.67
6.07
7.48
6.51
6.77
6.57
6.28
8.95
9.46
9.87
9.34
6.23
1.67
0.06
-1.03
-0.05
5.88
4.09
3.55
5.43
7.34
10.00
10.62
4.34
2.48
7.91
5.51
0.02
-0.63
0.90
-1.82
-1.98
-2.91
-0.95
-2.77
-2.89
-0.51
3.42
3.74
4.72
6.62
8.66
8.28
4.54
4.51
5.58
5.38
2.21
2.11
1.28
5.98
9.72
8.08
3.04
1.98
2.93
3.35
4.42
6.66
7.92
8.09
9.45
9.09
8.60
8.42
9.57
10.07
8.75
12.40
12.59
11.30
3.96
7.57
9.54
11.70
12.97
9.01
3.00
1.72
4.48
5.93
1.94
3.17
0.73
0.82
-0.05
1.34
5.18
2.34
5.79
10.76
10.28
9.21
7.00
6.80
6.79
9.11
3.52
3.49
5.03
5.34
-0.15
-2.23
4.61
6.94
5.96
5.81
5.55
6.58
7.00
3.90
0.65
0.90
-2.53
-2.83
3.34
1.89
-6.08
-6.79
-5.09
-2.43
-3.33
-1.87
-1.02
0.75
3.68
0.90
-0.43
-0.80
-1.14
2.66
3.44
4.15
5.30
3.20
3.12
3.54
0.17
0.26
4.56
-0.49
-1.11
-5.08
-5.37
-2.66
-5.92
-7.42
-7.25
-4.53
-6.28
-6.26
-6.50
-8.40
-7.74
1.56
-0.76
-6.81
-7.46
-5.21
-9.54
-10.26
-3.04
-6.20
-7.30
-2.03
-3.24
-7.35
-7.27
-8.64
-7.21
2.25
3.37
2.52
-0.54
-1.50
-3.66
-0.63
-0.48
-1.19
0.76
-1.32
-4.64
-5.23
-0.40
2.67
-2.05
-2.77
-10.37
-11.00
-10.64
-6.83
-2.34
0.09
-3.37
-3.26
-2.34
-2.25
-5.51
-5.44
-6.87
-8.78
-12.95
-13.59
-14.23
-1.42
-5.36
-8.12
-6.58
-5.16
-4.37
-7.27
-10.25
-12.07
-4.98
-0.75
-1.61
-4.82
-6.25
-11.20
-11.82
-8.63
-8.97
-6.35
-8.55
-9.69
-4.95
-5.28
-3.83
-8.46
-8.98
-11.46
-6.94
-11.17
-11.91
-10.86
-13.68
-12.82
-8.10
-4.22
-5.08
0.20
-0.22
-5.55
-10.29
-10.67
-0.14
1.21
-3.89
-2.12
-0.45
-2.36
-9.71
-5.67
-2.83
-6.42
-2.51
-5.01
-8.10
-14.87
-17.48
-17.93
-10.45
-12.22
-12.51
-11.98
-1.47
-3.04
-3.69
-0.11
2.46
-3.94
-4.49
-3.93
-2.55
-5.04
-8.33
-6.48
-3.43
0.43
-3.97
-5.42
-5.89
-3.37
-1.24
-3.94
-0.02
3.13
-3.92
-4.84
-5.32
-4.47
-7.11
-8.18
-7.19
2.37
3.23
-0.36
-7.03
-9.31
-3.28
-7.03
-7.06
-6.67
-6.46
-7.05
-6.63
-9.02
-11.82
-7.88
-8.54
-8.92
-6.77
-9.46
-13.14
-13.15
-11.25
-6.12
-3.25
-5.37
-6.55
-2.35
-1.91
1.15
1.23
0.90
1.56
0.36
-0.67
-0.66
-0.78
-0.84
1.83
2.24
2.45
2.31
2.20
3.23
2.19
0.68
2.38
-0.88
-1.80
-1.12
4.43
3.51
3.21
3.15
3.04
3.35
3.73
4.70
7.05
8.52
8.43
2.18
-0.55
-0.87
-7.32
-6.40
2.44
-2.28
0.17
3.32
2.07
-1.63
-3.63
-0.46
2.14
1.45
3.57
0.03
-1.16
-1.36
-1.05
1.42
5.48
5.08
6.02
8.70
9.67
11.02
6.06
4.76
5.16
7.45
6.33
8.60
8.53
8.23
9.76
9.35
2.51
3.62
3.84
6.90
4.12
2.36
5.94
6.89
-0.93
-1.00
0.67
0.48
0.21
-1.00
1.66
8.88
8.08
6.66
7.69
8.83
9.54
9.10
8.69
10.58
10.84
10.70
13.19
7.84
4.58
3.30
5.04
5.63
7.71
5.21
2.03
1.41
5.97
9.89
11.75
11.62
9.43
9.01
8.65
8.48
6.07
6.37
8.85
9.21
10.62
11.36
11.48
11.12
11.03
9.36
5.86
0.80
-0.20
0.33
4.36
-2.00
-2.64
0.85
3.36
2.46
-2.88
-4.00
-3.90
2.21
3.60
-2.14
-2.62
-3.79
-5.61
-6.15
-3.68
0.47
1.20
3.12
3.09
3.02
-0.95
-1.63
3.72
3.88
2.97
3.05
4.39
9.35
4.31
1.89
4.70
4.45
3.47
3.40
2.81
2.87
5.85
9.81
10.81
7.60
4.84
4.61
5.17
5.16
4.56
2.66
-0.98
-1.24
-0.20
-1.09
-0.91
0.63
-0.10
1.26
3.20
5.71
-0.23
-2.98
3.83
4.12
3.62
0.76
-2.84
-3.43
-9.56
-13.14
-12.58
0.51
-0.77
-5.46
-7.79
-4.89
0.35
-1.69
-3.17
-4.41
-2.71
-0.49
-5.40
-13.66
-8.57
-3.25
-2.96
-8.74
-9.43
-8.01
-3.12
2.06
2.35
0.40
-3.07
-3.04
-2.11
-2.11
-5.16
-5.11
-5.48
-3.69
-2.04
-18.38
-19.12
-10.19
-5.35
-6.18
-5.55
-5.17
-9.64
-11.61
-12.43
-19.11
-17.70
-8.86
-16.27
-17.73
-7.76
-5.46
-10.98
-15.07
-11.76
-4.39
-1.95
-7.44
-4.28
-1.19
-5.51
-5.03
-3.38
-3.86
-5.42
-4.78
-3.17
-6.86
-7.73
-10.26
-10.57
-6.41
-6.30
-6.38
-2.62
-5.56
-2.79
-6.33
-5.58
-3.32
-4.36
-0.85
3.43
3.97
-2.34
-3.97
1.39
0.16
-4.71
-3.12
-8.25
-8.82
-2.45
-4.66
-8.59
-6.04
-1.69
-1.12
-3.83
-5.91
-7.17
-7.02
-8.24
-10.87
-8.59
-15.74
-10.43
-7.67
-11.45
-6.04
-3.53
-3.85
-7.70
-7.21
-7.54
-8.94
-2.60
-0.92
-1.87
-2.41
1.86
-2.61
-6.92
-1.00
-0.36
-0.65
-2.77
-3.54
-3.36
-1.70
-2.03
-1.92
-0.68
-1.69
-4.66
-8.15
-9.25
-8.30
-8.39
-8.21
-6.36
-5.27
-5.50
-6.37
-3.60
-1.90
-2.82
-2.98
-3.18
-3.41
-0.20
0.19
-5.53
-5.93
-4.38
-1.72
-4.62
-8.86
-9.56
-10.03
-6.85
-5.27
-6.39
-7.43
-5.96
0.06
0.86
0.65
1.63
-0.66
-4.37
-2.26
-4.20
-3.64
0.90
-2.75
-2.17
-7.18
-7.18
-6.67
-2.24
2.69
0.41
0.14
-0.60
-2.33
-2.77
1.80
2.12
5.64
6.48
0.65
0.34
-0.29
4.75
4.37
-1.92
-2.20
-2.07
-2.20
-3.33
-3.61
-0.02
3.24
3.55
6.08
6.02
5.59
6.55
-0.19
-0.20
0.13
0.94
1.07
-2.27
-2.31
4.65
7.21
9.46
11.79
12.58
13.53
12.42
12.15
11.29
11.41
11.18
11.92
8.83
6.97
7.00
8.44
0.44
0.23
5.26
4.89
6.53
2.58
0.65
6.60
2.16
3.77
10.93
8.03
4.76
4.42
6.17
2.76
2.87
5.14
5.28
5.29
5.08
5.27
9.55
7.11
7.25
7.93
3.64
2.70
4.91
8.67
10.01
9.91
8.54
5.99
3.93
2.56
3.60
4.85
5.22
2.88
3.16
4.32
2.79
0.16
0.24
3.23
3.68
9.53
8.99
8.80
8.76
9.32
9.10
6.67
4.43
4.56
5.95
6.80
6.62
5.99
4.50
5.06
5.01
7.47
6.36
6.56
6.69
3.30
4.06
3.97
4.02
4.70
4.54
3.56
0.92
0.41
4.25
5.11
3.58
4.90
5.40
5.24
6.13
6.21
6.31
4.52
-0.79
-4.13
-4.52
-5.55
-2.34
-3.01
-0.20
0.68
0.04
4.67
4.35
2.74
1.93
0.58
-1.51
-1.76
-0.01
3.16
3.00
1.72
-0.96
-1.92
1.56
4.52
2.80
-5.41
-6.88
-5.31
3.13
0.43
-1.15
-5.03
-6.14
-0.29
0.66
-2.82
-1.75
4.59
4.04
0.63
2.82
0.72
-4.32
-5.71
-6.17
-4.85
-8.95
-10.91
-3.33
-2.07
-4.00
-2.40
-2.44
-2.41
0.27
-2.72
-3.56
-4.73
-5.29
0.85
-3.73
-6.06
-3.61
-1.19
-2.36
-2.23
1.78
-2.42
-5.99
-6.55
-5.39
-8.91
-9.17
-9.22
-6.82
-2.08
-3.33
-5.38
-7.43
-5.71
-2.54
-4.63
-5.76
-3.22
-5.40
-5.64
-3.42
-5.43
0.45
-2.36
-1.73
-1.64
0.65
-0.86
-3.90
-1.08
-0.60
-5.08
-6.40
-2.23
-5.39
-5.74
-4.79
-6.36
-13.73
-16.44
-11.07
-17.85
-9.95
-9.35
-10.66
-10.21
-8.46
-6.50
-4.14
-1.87
-6.47
-6.56
-8.50
-5.14
-5.44
-6.31
-8.63
-9.35
-8.76
-4.63
-7.42
-1.98
-11.52
-12.85
-15.49
-20.71
-19.38
-11.23
-9.00
-15.88
-16.44
-16.57
-11.15
-8.85
-9.24
-9.11
-6.16
-12.05
-13.20
-12.23
-12.01
-14.83
-15.85
-10.24
-6.20
-4.55
-4.85
-6.36
-6.76
-6.75
-3.52
-2.56
-4.34
-5.03
-3.84
-8.18
-10.44
-4.70
1.03
-7.09
-7.73
-5.98
-2.52
1.94
2.71
-1.79
-5.79
-5.32
-6.92
-5.06
-3.71
-4.88
-4.79
-2.48
-2.67
-3.95
-3.27
-2.47
-1.18
-1.80
-1.23
0.48
-0.50
-1.38
-1.26
-0.25
-11.31
-11.07
-9.35
-2.19
-7.98
-11.30
-12.51
-9.19
-11.33
-10.69
-5.79
-5.48
3.79
1.99
0.11
1.42
0.58
-1.15
-2.55
-2.52
-1.73
-0.29
-0.20
2.89
-2.09
-2.74
4.65
6.33
-2.02
-1.26
1.48
-2.34
7.68
9.02
8.00
7.45
4.42
2.73
2.01
1.85
1.89
-5.93
-6.60
-6.43
0.13
0.23
0.81
-0.94
-3.76
-3.89
-1.56
4.88
4.06
1.91
1.71
4.47
5.79
5.83
5.48
7.16
7.86
6.04
6.92
7.98
6.59
6.74
7.87
8.32
7.71
10.29
10.82
10.20
10.38
10.52
9.41
8.94
8.11
5.69
6.28
10.74
11.00
12.82
12.96
12.77
12.81
7.45
7.07
7.33
8.58
10.47
2.21
1.61
2.07
1.38
1.98
5.55
6.91
7.08
8.52
8.93
9.62
9.97
11.77
13.00
11.68
9.36
6.35
6.22
11.19
13.30
7.74
11.49
10.39
5.98
5.26
9.21
6.25
4.93
4.58
6.44
4.22
6.86
11.19
12.92
14.14
15.02
13.36
13.71
14.06
13.95
14.84
14.76
15.35
13.76
10.96
7.14
10.71
8.40
6.08
8.46
6.22
8.37
8.43
10.67
10.55
8.96
8.81
9.62
6.10
4.55
4.49
0.36
-0.79
-0.56
3.22
4.67
4.55
3.99
4.79
2.48
2.18
2.46
0.10
0.27
2.86
3.25
5.87
7.57
9.92
10.04
10.23
9.90
8.12
6.48
1.86
0.40
4.68
4.02
3.99
1.08
0.03
2.33
5.75
7.10
2.71
-1.31
-6.84
-8.22
-3.70
-8.66
0.81
6.20
7.50
5.08
2.06
2.42
1.31
0.49
2.70
0.00
0.38
-0.17
-8.20
-8.67
-10.22
-10.65
-11.49
-8.02
-6.18
-5.02
-5.42
-8.60
-3.67
-3.89
-4.82
-1.66
-1.90
6.75
6.36
-5.98
-5.35
2.81
2.37
0.90
-2.49
-4.89
-3.98
-2.97
-1.21
-1.54
2.98
4.95
4.30
1.70
2.09
2.36
0.23
-3.81
-3.29
-7.61
-7.90
-4.80
-2.26
-0.01
-1.70
-1.22
-1.43
-0.42
-1.54
-3.91
-4.04
-3.04
-7.28
-5.68
-2.45
2.40
-8.76
-12.71
-13.14
-2.47
-5.05
-3.43
-3.55
-11.07
-15.92
-17.18
-8.88
-0.38
1.98
-4.81
-9.17
-11.77
-7.18
-8.03
-8.51
-10.50
-8.56
-7.56
-4.89
-2.34
-2.18
-3.60
-7.43
-7.32
-3.12
-4.92
-3.05
-9.90
-12.19
-7.64
-8.69
-10.20
-10.72
-6.63
-7.76
-7.22
-7.34
-6.71
-12.74
-8.70
-14.32
-15.50
-17.74
-16.22
-3.54
-2.64
1.18
2.53
4.52
4.04
0.63
-9.16
-9.84
-10.41
-6.06
-5.25
-2.45
-0.98
-1.49
-3.72
-2.21
-8.24
-9.96
-11.07
-9.80
-1.07
-2.23
-15.49
-15.84
-10.61
-13.85
-16.67
-18.34
-18.45
-15.85
-14.91
-7.89
-5.61
-3.93
-7.20
-12.36
-12.78
-13.23
-14.25
-15.98
-3.56
-3.27
-3.65
-1.89
4.04
5.23
2.26
-1.52
-1.88
-7.24
-11.11
-11.39
-10.64
-11.47
-9.81
-9.94
-7.51
-1.97
-2.54
-2.36
-1.93
-1.76
-3.65
-1.57
-6.16
-7.96
-12.13
-11.36
-9.01
-8.30
-8.15
-6.26
-6.61
-6.80
-4.46
-3.51
-3.57
-2.86
-8.82
-6.74
-2.95
0.56
0.68
-0.51
0.14
0.23
-0.68
0.10
0.68
-0.91
-2.42
-2.76
-0.32
-2.11
-6.67
-7.96
-8.99
-7.87
-5.92
-4.79
-2.29
-0.09
-1.14
-2.05
1.32
4.00
3.98
4.55
4.77
4.23
1.27
-2.17
-1.25
-0.41
1.29
2.61
0.90
-0.06
0.67
2.14
-0.27
0.23
0.38
-1.47
1.59
1.69
2.20
5.61
7.43
9.20
9.20
5.70
1.51
0.11
0.58
5.19
4.75
5.12
4.44
0.75
-1.00
-1.22
2.63
4.48
2.86
3.04
6.08
10.41
9.25
6.18
8.73
4.52
1.81
1.89
3.49
7.51
7.52
9.60
-1.37
-0.41
-0.78
-0.71
-1.34
-0.24
0.83
6.42
8.77
9.20
8.28
8.78
7.94
9.43
12.00
11.70
6.99
5.77
3.65
2.91
6.62
9.47
9.20
10.61
11.41
12.29
8.23
8.32
7.73
6.84
8.79
8.44
10.55
9.29
8.18
4.91
2.76
2.58
4.78
9.13
6.39
8.65
8.99
1.23
0.44
2.66
9.51
4.54
1.79
-0.23
1.81
5.85
5.41
4.67
2.25
7.16
8.57
8.86
9.80
10.09
8.13
8.06
8.95
10.25
8.11
6.54
3.42
4.64
4.84
0.28
0.02
3.08
6.87
4.64
3.14
2.14
4.52
4.51
-4.39
-3.96
-2.14
1.55
5.04
4.89
4.77
3.76
4.28
3.57
8.46
8.49
3.49
3.56
7.41
6.80
1.44
1.16
0.22
-0.09
-2.11
-5.78
-7.24
-6.46
-3.12
0.46
6.06
4.67
4.24
3.52
6.58
3.80
-0.80
0.62
1.98
0.89
-2.58
0.13
0.81
0.99
5.62
3.38
0.63
-3.59
-6.78
-7.48
-12.58
-12.06
-10.00
-2.25
-8.46
-11.97
-7.92
1.14
1.55
2.56
-11.21
-11.80
-7.07
-4.26
-0.87
2.36
1.44
-2.69
-2.73
-4.09
-4.38
-8.45
-8.11
-3.56
-5.05
-3.27
-1.15
-0.44
-0.20
0.26
0.27
0.51
0.39
-1.25
-2.60
-1.43
-3.62
-5.39
-8.82
-13.18
-4.78
-7.95
-12.30
-11.32
-5.75
-1.76
-8.56
-8.15
-11.14
-12.32
-14.42
-10.45
-2.03
-3.50
-10.66
-12.22
-2.85
-2.58
-4.14
2.81
0.47
-1.85
0.50
-1.12
-4.11
-5.69
-3.84
-0.73
-1.61
-3.75
-15.11
-14.93
-8.30
-6.72
-7.86
-11.78
-19.61
-20.31
-20.00
-15.61
-17.45
-18.86
-10.18
-5.01
-12.38
-10.63
-7.35
-6.19
-10.10
-9.95
-9.81
-8.97
-8.67
-6.73
-4.08
-3.95
-13.33
-15.05
-17.50
-16.77
-15.51
-9.55
-13.95
-15.75
-16.59
-17.77
-17.70
-15.76
-16.03
-16.44
-19.34
-18.56
-15.84
-12.67
-12.49
-13.67
-16.81
-17.70
-17.44
-14.43
-12.41
-6.74
-7.04
-10.12
-12.74
-4.61
-3.73
1.11
0.17
3.98
3.68
2.26
2.56
-0.30
0.80
-0.98
-3.57
-1.45
-2.61
-3.12
-2.39
-3.96
-4.76
-2.11
-3.07
-3.21
-4.09
-4.16
-1.83
-1.78
-8.09
-10.47
-10.16
-3.24
-3.40
-4.05
-2.95
-2.08
-6.96
-7.52
-3.46
-6.22
-7.77
-6.38
-5.24
-1.49
-0.56
-3.79
-3.92
0.58
2.37
4.47
5.65
6.21
5.90
-0.86
-3.30
-3.59
-3.73
-4.28
-3.69
-3.78
-1.59
-2.47
1.23
1.06
-1.51
-1.65
-1.73
-0.99
-2.44
-2.26
4.33
3.91
2.16
-2.51
-2.09
6.80
8.97
9.24
8.88
9.16
3.50
1.96
4.17
5.32
5.32
0.67
-0.56
0.89
0.46
1.17
-0.97
-1.07
1.68
3.48
4.50
3.07
3.36
4.47
7.97
10.57
10.67
10.36
10.04
10.88
12.20
8.81
7.10
10.17
12.87
12.11
7.00
5.41
0.10
2.71
9.09
2.82
0.03
1.50
-0.77
-0.73
0.99
3.06
5.62
6.56
6.57
8.44
10.46
11.28
12.32
3.19
3.86
4.27
3.96
4.30
3.92
5.79
10.32
9.85
11.67
14.32
8.83
5.47
3.70
5.19
4.26
4.00
4.01
4.27
4.02
-0.22
-0.43
5.49
7.97
4.69
4.49
4.11
-0.72
-0.26
3.05
8.38
5.84
5.01
2.61
2.99
4.17
2.51
5.33
6.04
4.79
4.26
3.65
8.62
9.72
10.11
10.02
10.75
10.37
8.92
7.46
7.26
7.63
7.54
5.70
5.54
0.31
1.10
3.60
5.34
8.28
4.26
-0.33
-0.72
1.79
1.53
3.36
3.45
4.25
4.59
4.43
3.95
4.98
3.54
-0.65
-1.61
2.76
-4.01
-2.86
-0.68
-1.06
2.00
1.55
1.90
3.80
4.54
1.76
2.86
3.93
4.91
6.28
4.04
4.81
4.96
3.87
2.77
2.75
2.91
0.04
0.88
4.67
4.94
8.92
8.12
7.32
6.24
6.92
1.00
1.62
5.26
-0.98
-2.31
-0.69
1.43
3.83
-0.18
-0.18
0.91
0.17
1.24
1.60
-0.96
-4.41
-9.84
-10.49
-8.51
-4.63
-5.63
-7.36
-11.72
-10.73
-13.64
-13.42
-13.72
-13.40
-9.75
-11.96
-7.72
-5.51
-7.01
-6.16
-9.22
-11.14
-12.84
-10.95
-9.52
-3.59
-1.54
-0.68
-4.07
-4.99
-5.59
-5.81
-15.37
-16.06
-9.78
-7.43
-3.67
-2.42
-0.74
-1.51
-5.65
-14.29
-18.01
-21.88
-21.57
-18.30
-6.09
-9.98
-10.18
-13.38
-8.78
-10.72
-9.47
-6.29
-6.36
-7.29
-6.12
-4.61
-6.92
-6.08
-5.42
-9.49
-10.73
-7.13
-5.69
-5.27
-4.00
-8.19
-10.87
-4.17
-4.78
-8.78
-15.00
-13.58
-6.71
-2.49
-1.89
-1.57
0.01
-0.80
-4.44
-4.77
-8.70
-9.20
-5.73
-10.83
-12.07
-16.01
-9.91
-8.99
-9.46
-5.33
-5.65
-6.51
-9.99
-8.78
-7.45
-8.77
-9.78
-9.30
-9.71
-9.08
-9.14
-10.37
-13.37
-14.11
-17.38
-16.32
-9.13
-6.16
-15.08
-16.88
-16.67
-6.49
-6.70
-11.81
-12.48
-18.19
-15.57
-6.03
-7.60
-9.69
-8.96
-4.70
-3.62
-4.19
-4.61
-4.97
-5.40
-2.77
-3.66
1.83
1.15
-7.22
-8.15
-3.28
-2.86
-1.97
-3.99
-7.92
-5.82
-6.21
-7.80
-3.38
-2.47
-1.51
-9.90
-10.74
-8.61
-8.34
-1.45
-1.35
-3.75
-3.40
-3.16
-2.92
-1.94
-0.97
0.40
0.31
1.60
0.05
0.07
-0.60
-1.65
-7.83
-7.74
-3.14
0.01
2.42
3.46
1.61
-0.29
-0.34
-4.04
-4.54
-4.34
-0.25
1.52
-0.42
-0.94
4.18
4.08
5.60
3.58
0.15
-0.42
-0.46
-1.76
-2.01
-2.79
-1.76
0.85
3.76
4.10
-2.84
-7.63
-7.91
-6.85
-7.15
-1.53
0.05
0.05
0.17
0.47
1.76
2.80
4.15
6.84
6.51
7.02
8.01
9.15
7.59
7.91
9.87
9.11
11.41
7.48
6.99
6.02
8.71
6.51
6.78
6.55
5.27
6.43
7.87
9.40
10.29
10.79
10.24
6.72
4.46
4.05
5.76
8.10
7.89
11.71
11.14
8.01
10.11
11.26
11.03
10.20
10.65
11.32
11.54
11.49
11.23
10.97
11.53
10.86
11.56
11.18
6.72
7.79
8.78
9.54
5.22
1.81
0.27
0.08
2.62
2.38
4.09
4.74
3.93
2.81
0.72
-1.70
-0.94
-1.15
1.19
3.96
7.02
4.63
6.75
1.77
2.54
3.31
8.25
1.07
0.07
1.54
1.07
2.34
-0.12
-2.08
0.82
8.58
7.88
8.97
12.42
13.96
12.53
9.56
8.86
10.08
6.94
7.15
7.94
7.63
6.27
6.19
4.81
3.85
2.96
2.06
4.71
9.08
9.07
10.78
6.19
1.23
0.90
2.55
5.68
5.45
4.87
5.91
5.84
-0.72
-2.10
-2.92
0.11
-0.10
8.02
7.54
7.57
6.79
4.87
6.78
3.53
2.91
4.32
5.48
6.85
3.71
0.57
1.73
3.22
3.61
2.68
6.53
10.57
8.31
6.31
5.21
5.60
3.78
-7.27
-8.74
-8.47
-5.05
0.76
2.81
5.39
-0.01
-0.69
0.85
-1.17
-4.34
-3.42
2.74
4.04
3.26
-0.05
-1.70
-3.92
-4.26
-5.74
-9.69
0.09
0.67
5.29
3.67
3.69
-0.63
-1.89
-0.23
0.88
-0.77
-1.43
-3.70
0.68
-5.40
-6.36
-6.38
-9.64
-10.90
-7.86
-3.55
-1.73
3.77
-0.43
-2.21
-4.65
-10.70
-7.46
-6.19
-3.64
-5.75
-2.00
-1.31
0.60
-1.42
-2.56
-4.26
-3.14
-0.53
-2.10
-6.92
-10.58
-9.58
-5.10
-6.02
-2.20
-3.88
-3.94
-0.80
-0.86
-3.16
-2.54
3.81
-0.38
2.72
-3.91
-4.11
-2.15
-0.31
-0.41
-5.27
-4.98
-10.28
-17.76
-15.34
-13.35
-11.13
-4.70
-2.94
-1.28
-2.66
0.55
-1.07
-0.49
0.47
-5.68
-7.78
-7.21
-6.90
-6.13
-6.68
-7.08
-7.98
-8.63
-2.21
-4.52
1.95
1.16
-4.97
-3.60
-2.90
-4.15
-4.24
-4.51
-5.46
-7.48
-8.24
-9.38
-4.27
-4.83
-4.01
-4.12
-3.63
-3.51
-1.82
-4.36
-5.28
-7.16
-8.79
-2.37
-1.94
-1.30
-0.15
0.00
-1.31
-2.22
-5.12
-13.83
-14.88
-13.91
-14.98
-11.91
-12.34
-8.54
-4.91
-5.69
-6.66
-6.08
-10.55
-9.37
-4.45
-1.11
-4.16
-6.22
-2.48
-0.36
-0.21
-1.60
-1.50
-0.80
2.22
2.42
3.21
3.26
3.98
4.46
3.63
2.14
2.14
2.31
3.36
3.36
3.99
4.34
5.13
3.72
1.99
2.24
3.06
2.22
1.90
-2.05
-1.45
-0.80
-0.93
-0.88
-0.16
0.74
1.95
3.66
1.77
1.74
6.55
-2.48
-4.97
-5.00
-2.59
2.10
6.39
7.00
7.38
7.84
7.92
6.65
6.61
4.47
0.79
-5.30
-6.50
-5.94
-1.21
-1.92
-1.69
3.47
5.89
5.76
6.16
5.86
6.27
7.20
6.10
5.02
4.67
6.57
6.65
0.90
2.00
4.34
5.73
7.99
8.99
5.90
2.78
2.05
5.26
0.14
-1.01
-0.86
-1.67
5.27
5.23
6.62
3.12
2.83
-2.58
-1.42
4.59
4.84
6.44
-2.27
-3.04
-1.73
-0.14
7.20
12.38
12.62
12.41
10.48
10.79
10.89
8.44
5.77
3.68
3.66
2.28
3.75
8.46
8.64
6.59
5.65
2.91
2.91
9.29
4.27
3.17
7.06
12.38
8.84
5.48
-0.78
-1.00
-0.88
5.85
7.31
6.88
7.63
8.09
2.71
2.64
3.31
3.19
1.00
0.13
0.21
1.21
4.68
7.81
12.03
12.70
10.73
4.46
4.20
3.96
3.15
4.54
2.95
-2.34
-1.77
1.37
4.91
6.51
4.10
4.80
1.70
5.60
6.31
6.03
5.05
8.14
3.98
-2.24
-0.72
2.67
5.11
5.73
6.25
4.39
-1.72
-4.09
-4.32
-4.10
-2.46
0.85
6.19
7.58
5.37
7.24
6.55
4.09
3.72
2.02
0.27
-0.58
1.38
2.25
5.28
4.84
4.90
3.06
1.39
-1.24
-2.54
-6.53
-8.51
-10.49
-0.46
-2.31
-2.37
1.04
-0.36
1.20
-0.54
-3.66
-1.86
4.91
6.55
6.14
5.43
2.59
-4.65
-3.31
-5.73
-12.35
-11.00
-5.84
-11.91
-11.27
-13.67
-15.84
-12.81
-6.67
-4.74
-1.30
1.04
0.90
0.41
-2.67
-2.32
-5.33
-2.93
-2.11
-1.50
-4.37
-4.17
-4.13
-5.55
-9.10
-8.53
-2.55
-4.07
-8.30
-10.00
-8.72
-9.13
-11.68
-11.75
-6.08
-5.10
-9.53
-10.65
-11.22
-6.59
-5.70
-2.71
-2.95
-3.86
-5.01
-2.35
-2.26
-6.17
-4.80
-2.74
-5.49
-9.53
-6.23
-5.19
-7.86
-6.80
-3.86
-4.29
-4.19
-7.78
-7.19
-4.64
-3.49
-3.78
-10.58
-7.75
-5.87
-6.81
-7.29
-8.44
-4.90
-0.22
4.00
-1.68
-9.15
-5.00
-0.22
-2.03
1.02
1.21
4.23
-0.62
-6.63
-9.85
-6.59
-11.23
-7.53
-11.14
-11.06
-7.69
-7.74
-2.12
1.54
0.17
-4.11
-5.18
-6.14
-5.01
-3.83
-3.63
-5.60
-3.37
-1.98
-4.41
-3.03
-1.33
2.43
2.65
-1.55
-2.59
-3.17
-2.93
-2.54
-3.29
-3.17
-7.58
-12.94
-15.84
-14.67
-7.05
-8.89
-7.36
-7.43
-9.00
-7.19
-8.81
-4.72
-0.59
-6.96
-7.16
-9.30
-12.06
-13.08
-12.35
-14.28
-15.54
-17.48
-13.44
-10.97
-11.19
-12.69
-6.23
-2.77
-5.58
-6.87
-6.75
-8.05
-8.03
-6.31
-8.54
-15.78
-3.53
-1.51
-0.24
-7.42
-7.99
-7.96
-9.06
-10.57
-10.50
-4.01
-3.20
-5.23
-2.28
-3.92
-4.09
-3.04
-2.28
-4.23
0.62
1.28
-3.18
-4.43
-4.63
-4.81
-1.74
0.93
3.33
3.16
1.29
1.55
2.46
2.64
2.40
1.24
0.97
0.83
1.92
1.47
1.42
-0.48
-0.35
-0.32
0.54
0.06
0.20
-0.07
2.86
2.82
5.41
6.51
5.74
4.47
2.85
2.33
5.26
2.20
1.50
1.45
1.46
-0.23
-0.95
2.27
4.34
3.61
3.72
0.90
-2.00
-2.00
-1.69
-0.10
1.27
2.69
5.26
6.68
8.44
11.24
10.92
12.03
9.88
9.16
7.62
8.78
9.65
9.14
7.87
9.46
3.78
3.02
8.87
5.43
1.97
0.49
2.42
8.79
6.13
4.71
-0.02
-0.67
2.12
6.47
5.09
3.09
4.62
4.03
-0.64
-0.32
4.98
5.81
9.03
7.20
6.61
8.53
9.32
10.72
10.42
5.89
7.96
8.16
10.64
9.78
11.65
6.06
3.33
2.57
8.18
8.34
4.26
3.93
3.86
0.19
0.67
2.84
4.37
6.57
4.84
6.91
2.28
-0.03
0.42
4.95
5.08
7.27
7.36
7.86
10.57
7.39
5.13
5.96
5.51
5.17
3.91
2.71
0.68
0.87
8.15
10.95
9.36
3.54
0.08
0.20
-4.18
-1.23
3.97
1.97
0.17
1.43
-0.02
-2.52
-3.16
-2.33
-1.63
-0.78
-1.07
-1.75
0.01
-1.13
1.56
-1.94
-7.02
-8.01
-3.12
1.62
3.23
2.85
1.02
3.92
4.03
4.75
6.49
5.09
3.87
0.90
-1.55
1.68
1.12
2.28
3.66
-1.14
-0.66
1.30
0.64
2.38
0.03
-3.67
-7.78
-9.87
-3.44
2.12
0.33
-0.66
-0.02
-1.05
-2.37
-4.92
-4.84
-2.22
0.14
-2.19
-4.83
-6.76
-6.34
2.04
0.47
-5.88
-6.13
-4.25
-2.19
-11.29
-14.82
-16.22
-13.66
-12.91
-9.75
-9.16
-7.26
-7.50
-8.24
-10.20
-13.67
-13.48
-7.38
-8.01
-11.31
-11.85
-2.54
-7.09
-10.34
-12.66
-13.70
-7.92
-5.90
-5.36
-3.15
-8.65
-8.03
-6.97
-4.21
-0.87
1.74
2.79
-2.22
-8.22
-10.84
-8.57
-11.53
-11.69
-4.92
-5.60
-10.00
-6.20
-8.00
-8.96
-12.64
-13.65
-11.64
-9.44
-8.85
-5.76
-5.47
-6.55
-8.02
-10.32
-9.76
-8.51
-3.44
-8.00
-7.78
-9.55
-12.85
-12.92
-10.72
-11.17
-10.27
-9.69
-11.49
-7.73
-5.10
-5.81
-9.17
-7.97
-5.06
-4.34
-5.80
-4.72
-5.19
-10.42
-12.82
-12.49
-12.14
-17.97
-17.55
-17.77
-16.33
-14.33
-10.29
-9.44
-12.46
-11.85
-9.85
-9.14
-8.78
-10.92
-10.46
-5.91
-4.94
-4.35
-0.31
-4.80
-5.69
-8.59
-8.26
-10.29
-11.46
-10.17
-6.55
-12.44
-11.58
-9.64
-5.57
-2.13
-1.95
-4.86
-4.63
-1.57
-2.03
-7.13
-9.99
-9.35
-6.60
-6.79
-12.01
-11.81
-9.01
-4.21
-5.79
-6.65
-8.06
-2.78
0.48
-1.22
-2.13
-2.53
-2.31
-1.08
-0.72
-0.90
-0.72
-0.21
-0.73
0.09
-0.03
-0.45
0.25
-5.21
-5.73
-5.83
-3.62
-1.21
-0.11
0.04
-3.26
-3.53
-2.04
-1.26
-2.83
-4.92
-7.06
-7.40
-3.68
-0.43
-0.38
-3.87
-4.58
-1.49
3.18
2.73
2.89
3.25
3.75
4.42
4.76
1.95
-0.80
-0.54
3.64
1.61
1.75
4.06
8.09
8.95
10.81
11.67
11.01
-0.02
0.34
1.07
5.00
1.02
1.18
1.57
2.31
3.38
2.66
3.71
-0.26
0.14
1.88
0.74
0.90
2.95
3.20
7.71
10.06
7.16
6.64
6.54
9.16
2.93
-0.66
-0.53
-1.12
-0.09
5.53
5.53
3.42
3.81
6.91
7.18
8.53
8.71
8.16
8.09
7.50
6.47
6.10
2.01
0.46
0.92
-0.81
0.34
5.92
10.17
10.45
9.04
10.19
-0.81
-1.42
-0.61
3.59
9.75
9.93
7.94
4.96
1.85
6.41
7.95
6.38
9.68
6.58
8.17
10.67
5.56
3.58
3.35
7.69
10.61
8.95
8.05
7.36
6.58
5.97
7.70
7.68
7.76
8.95
10.01
9.15
10.09
9.80
10.98
9.33
7.16
7.33
9.75
6.70
6.48
8.12
8.24
3.62
6.02
8.32
8.99
8.29
5.49
-1.33
-3.19
1.35
6.62
7.65
6.65
5.87
5.63
4.33
2.78
-0.25
1.45
3.93
4.81
5.23
4.50
3.54
4.91
5.27
6.80
6.97
5.75
4.70
3.79
4.29
4.99
5.20
2.41
0.35
1.46
1.66
5.00
7.18
7.61
5.57
4.42
1.01
-1.50
-6.22
-7.31
-6.12
-7.87
-6.69
-9.87
-9.52
-5.50
-1.10
0.25
-0.03
-3.11
-1.47
2.84
3.29
6.48
7.70
6.43
4.64
4.42
3.55
-7.97
-7.58
-6.23
-7.74
-7.78
-7.48
-7.60
-7.98
-8.94
-8.60
-2.93
1.25
-0.57
0.33
2.78
1.20
1.39
3.50
6.42
6.43
-3.78
-4.74
-2.86
-1.27
-4.12
-5.37
-6.31
-3.02
-8.53
-10.34
-8.32
-5.23
-9.87
-5.40
-2.88
-1.22
-8.33
-4.47
-2.27
-8.55
-10.40
-12.03
-12.01
-11.04
-13.20
-17.02
-17.39
-20.80
-17.14
-10.43
-4.41
-5.00
-2.84
-11.71
-8.68
-9.97
-9.12
-2.55
-3.49
-5.38
-9.56
-17.52
-16.38
-7.61
-9.12
-13.04
-13.94
-9.69
-12.76
-10.98
-8.89
-8.43
-8.66
-6.69
-7.00
-4.58
-8.70
-8.89
-4.46
-7.98
-9.55
-6.39
-2.24
-7.79
-10.23
-11.25
-10.39
-12.46
-12.79
-17.28
-19.05
-16.83
-16.59
-7.98
-1.55
-9.08
-9.54
-9.55
-8.05
-8.96
-16.32
-18.42
-13.94
-11.52
-13.16
-12.28
-10.39
-4.87
-4.83
-10.26
-14.20
-13.73
-6.11
-6.28
-7.67
-6.45
-10.52
-9.82
-6.31
-7.32
-8.78
-4.56
-8.82
-15.03
-14.35
-14.94
-12.76
-16.44
-11.45
-12.03
-11.47
-7.81
-11.37
-12.32
-9.07
-2.91
-0.50
-0.79
1.56
-0.50
-0.79
-3.02
-2.30
0.27
-6.50
-7.37
-6.38
-2.89
-8.77
-9.48
-10.77
-10.65
-5.69
-8.28
-10.17
0.34
-2.46
-3.29
-1.20
-1.10
-7.41
-8.96
-8.41
-8.69
-6.08
-4.29
-2.63
-3.01
-3.13
-1.81
-2.41
0.34
1.86
1.64
2.20
0.81
0.54
1.87
4.55
1.38
-0.53
-2.54
-4.11
-2.01
-3.36
-5.33
-5.04
-3.18
-1.93
-1.71
-1.50
-2.13
-1.99
-3.65
-4.85
-6.19
-5.26
-3.87
-4.76
-0.61
1.89
2.32
3.36
4.94
5.45
0.80
-0.53
1.64
1.57
0.08
-1.60
-1.04
-0.32
1.72
5.70
8.10
5.49
5.36
6.66
8.39
9.24
7.72
5.30
3.45
2.40
3.71
4.71
1.63
1.80
-2.82
-4.27
-1.83
-0.55
1.44
5.51
6.29
6.99
8.79
8.74
8.60
8.82
9.62
9.73
10.11
8.56
7.57
6.54
9.37
12.57
14.46
11.81
11.83
10.07
11.41
12.43
9.78
11.53
4.68
4.59
10.55
11.46
11.29
8.91
1.88
1.11
2.49
2.92
4.05
6.00
1.60
1.01
4.41
8.98
5.87
3.94
3.31
0.06
0.61
2.45
7.22
6.98
7.71
7.91
4.87
4.60
0.90
0.14
-0.16
2.20
5.24
7.04
8.97
9.29
13.12
10.29
6.61
6.46
11.40
6.68
-0.62
-0.70
-2.43
-1.48
5.43
5.75
5.49
6.10
7.14
7.46
5.65
0.69
-0.05
1.29
8.06
3.24
0.33
5.96
4.87
3.51
2.98
0.60
0.15
4.43
5.74
6.11
5.51
-1.67
-2.71
-5.00
-4.56
-4.97
0.62
0.37
-0.62
2.62
5.57
4.08
1.94
4.99
5.81
9.48
7.46
5.58
3.78
3.39
4.03
2.92
-1.68
-5.54
-6.29
-6.50
-5.60
-10.38
-8.80
-0.61
-1.30
-5.90
-8.21
-7.01
-0.96
-0.21
1.84
1.55
0.95
0.29
-0.26
-2.15
0.62
4.86
1.81
-7.60
-8.79
-6.24
-6.40
-9.39
-0.59
2.94
2.59
-3.22
-5.91
-4.11
-8.24
-8.80
-4.49
-6.21
-7.31
-11.85
-12.24
-13.05
-17.85
-16.63
-10.27
-13.39
-10.25
-10.71
-12.69
-17.56
-17.78
-7.15
-0.61
-1.05
-2.46
-11.53
-10.48
-4.03
-12.05
-14.08
-16.48
-17.00
-16.28
-17.64
-18.15
-10.51
-6.08
-4.61
-0.23
-2.51
-13.90
-14.93
-14.39
-9.29
-4.32
-3.42
-1.42
-4.50
-3.85
-5.17
-6.58
-11.47
-9.78
-3.07
-0.11
-2.45
-4.66
-5.52
-6.49
-6.78
-0.22
-1.00
-2.68
3.12
-2.23
-4.86
-13.01
-16.29
-16.37
-14.90
-7.99
-9.02
-10.98
-10.12
-10.65
-11.50
-11.22
-7.30
-7.44
-7.11
-6.49
-8.04
-7.00
-0.14
2.77
3.25
-0.57
0.47
-1.70
-1.79
-5.78
-5.88
-6.43
-6.53
-7.21
-7.01
-7.57
-6.85
-9.18
-9.46
-11.49
-11.83
-6.48
-4.18
-5.80
-9.08
-9.36
-6.30
-7.84
-9.68
-6.02
-6.04
-4.51
-2.96
-5.64
-5.55
-4.28
-4.47
-2.41
-3.75
-3.85
-1.84
-2.12
-4.57
-6.34
-5.51
-4.51
-5.32
-5.25
0.16
1.17
-0.80
-2.72
-2.49
-4.08
-4.44
-3.56
-3.51
-1.40
4.05
2.55
-4.52
-3.77
3.46
6.43
5.24
6.89
4.82
1.60
-7.36
-8.37
-6.25
-6.77
-4.63
-3.16
-1.45
-0.46
-0.01
0.15
0.17
0.75
0.01
1.92
0.09
-1.50
-1.80
-2.50
-0.55
-0.15
-0.27
-1.63
-2.71
-0.23
1.61
3.15
5.96
5.91
5.79
5.00
2.35
2.25
-1.36
-5.36
-4.31
2.81
2.65
2.88
3.20
4.16
4.89
5.58
5.43
5.87
4.30
-2.20
-3.23
4.92
5.93
-3.03
-4.20
6.18
6.87
4.24
4.09
0.90
2.89
0.18
-0.98
-0.61
0.20
-0.16
2.48
4.05
5.90
5.56
5.76
-1.22
-1.81
1.17
7.21
4.84
1.84
1.69
3.71
10.80
13.02
12.27
8.12
3.30
2.15
2.01
3.70
7.27
6.04
8.35
7.06
4.19
8.29
8.52
8.27
12.57
4.41
1.97
1.81
6.55
-0.03
-0.49
-1.29
-0.93
1.63
1.66
-1.03
-2.51
-1.78
2.69
3.85
3.31
3.66
4.21
4.88
6.43
9.00
7.21
6.69
8.55
8.76
5.04
-0.19
0.20
1.39
7.29
7.35
6.27
7.89
6.88
7.89
11.70
12.94
12.18
13.05
15.63
13.55
13.03
10.81
12.30
-1.33
-0.90
0.62
4.39
5.03
8.53
6.75
9.69
9.85
6.21
1.21
1.70
5.03
5.90
8.42
10.94
6.52
4.15
7.74
6.37
9.48
8.57
6.62
-4.39
-3.70
-1.23
6.92
6.40
6.54
5.84
5.55
5.99
7.54
7.91
7.02
7.99
8.55
9.66
8.48
7.68
8.22
1.87
-5.93
-6.25
-5.33
3.49
6.66
5.30
4.50
3.54
3.58
3.40
2.35
2.85
-5.20
-8.41
-5.32
-1.60
0.04
0.74
-2.11
-2.95
3.54
4.53
3.74
3.40
2.57
0.99
0.58
2.62
2.66
3.35
2.77
0.44
0.55
1.93
0.03
0.35
-0.09
2.92
2.99
1.92
-0.58
-2.12
-2.73
-0.69
-0.46
0.35
-0.89
0.70
1.96
0.86
0.29
2.42
2.34
-1.66
-2.42
0.11
-1.98
-4.68
-2.77
-10.80
-10.39
-7.92
-6.80
-3.59
-4.44
-5.43
-10.39
-6.73
-7.66
-8.55
-11.51
-12.83
-14.64
-15.65
-13.46
-10.54
-3.55
-1.33
-11.22
-9.88
0.57
1.86
-2.41
-11.87
-10.44
-5.99
-1.37
-8.37
-9.39
-10.27
-9.78
-13.25
-7.99
-10.34
-8.65
-2.25
-0.33
-1.37
-4.33
-4.74
-4.67
-6.94
-7.63
-3.81
-3.69
-8.72
-7.25
-4.47
-7.59
-9.30
-7.52
-4.73
-7.19
-10.20
-10.59
-10.83
-14.95
-15.25
-14.94
-19.14
-22.72
-15.84
-16.36
-16.41
-7.07
-14.72
-19.52
-16.56
-15.62
-14.91
-14.24
-12.38
-10.27
-3.78
-4.65
-12.59
-13.02
-8.11
-3.23
-0.88
1.89
-0.26
-8.32
-8.15
-3.25
4.61
1.86
1.31
-2.84
-4.67
-13.23
-13.00
-6.89
-11.27
-11.40
-6.74
0.30
2.67
3.81
2.58
2.74
2.10
-1.31
-8.09
-8.88
-7.57
-1.94
-0.42
-1.16
-1.00
-1.61
-1.66
0.52
1.30
0.34
-0.09
-0.86
-1.29
-0.38
-1.90
-1.77
-2.04
-2.52
-4.99
-8.71
-7.54
-4.20
-7.74
-6.90
-4.92
-5.48
-5.42
-6.53
-8.04
-7.11
-7.02
-6.79
-6.26
-8.36
-6.71
-8.13
-7.50
3.51
6.77
6.53
1.47
-1.61
-0.97
-1.81
-1.76
-0.84
-2.41
-2.74
-2.74
-0.14
2.38
5.65
8.19
2.86
-2.20
-1.78
-7.58
-9.22
-2.11
2.00
2.15
1.02
-0.89
-1.35
3.53
5.75
6.36
4.40
2.45
2.36
3.28
4.91
3.28
5.63
7.25
1.33
-0.30
-0.80
3.54
7.03
1.57
0.38
-0.27
0.05
-1.44
-1.91
-0.41
7.21
9.02
9.49
10.83
9.24
8.64
6.24
4.71
5.12
5.94
5.08
6.84
7.01
11.79
12.96
12.98
7.65
6.14
5.73
8.27
7.63
4.49
5.10
6.35
5.96
7.99
5.06
2.07
4.32
3.08
-0.59
-1.43
6.09
7.86
7.91
5.17
2.77
2.30
4.21
9.56
10.41
10.70
12.74
8.03
5.94
4.83
7.48
9.82
9.54
7.54
8.20
6.86
2.87
3.36
8.22
8.79
8.50
8.43
7.01
7.11
7.55
10.13
5.70
11.57
15.21
16.47
13.40
14.44
12.37
12.10
10.21
4.82
2.15
5.56
7.99
8.51
1.74
-2.02
-1.80
4.14
7.22
8.20
5.98
6.11
9.21
9.14
6.41
7.46
4.87
-3.18
-3.12
0.62
5.72
7.60
7.76
4.24
-1.27
1.21
6.57
5.11
8.30
1.69
3.29
-1.71
-1.09
0.34
6.33
3.57
3.19
2.12
2.85
2.98
6.08
4.50
3.34
3.45
3.62
2.57
3.20
-1.02
-0.06
-2.01
-6.40
-5.25
3.95
8.79
9.79
9.31
10.07
8.54
8.09
5.78
4.05
2.43
-11.92
-13.23
-12.48
-2.41
-2.33
-4.04
-5.42
-0.89
-2.88
-6.96
-8.09
-6.96
1.12
2.13
-1.22
-4.22
-3.90
1.19
2.53
2.67
4.57
-0.94
-1.39
-1.08
0.32
-1.88
-2.29
-1.24
3.10
-0.13
-0.63
-3.74
-6.51
-11.28
-11.49
-9.32
-15.09
-14.95
-11.42
-12.11
-15.85
-12.02
-13.29
-11.20
-12.49
-16.47
-12.51
-7.25
-4.54
-5.47
-6.79
-7.87
-9.13
-9.68
-5.11
-7.80
-6.99
0.45
5.48
-2.11
-6.35
-7.21
-9.51
-4.10
-6.68
-2.68
-6.19
-8.73
-4.08
-1.23
0.17
2.51
3.22
2.41
0.62
-5.73
-11.72
-11.17
-10.69
-13.28
-14.83
-18.96
-18.76
-12.08
-4.57
-7.94
-10.64
-11.16
-8.29
-9.91
-11.33
-9.23
-3.91
-7.86
-3.21
-2.78
-4.87
-4.19
-11.95
-13.66
-7.51
-12.31
-14.34
-15.68
-16.90
-18.45
-18.27
-11.57
-11.55
-14.19
-11.78
-10.62
-11.14
-10.73
-11.83
-9.81
-9.48
-14.91
-16.54
-17.01
-18.91
-15.63
-11.47
-5.89
-6.49
-6.72
-2.20
-2.61
-2.42
-2.48
-2.31
-1.75
-3.54
-5.39
-6.16
-5.98
-6.90
-11.78
-18.23
-18.58
-11.45
-8.26
-10.50
-10.41
-9.65
-10.92
-3.39
-3.08
-4.65
-5.61
-9.28
-7.87
-4.58
-4.80
-5.80
-10.63
-7.63
-5.75
-6.34
-4.56
-5.00
-5.72
-6.08
-6.89
-6.61
-6.26
-1.17
-5.05
-5.87
-0.81
4.60
3.50
3.48
4.84
-6.65
-7.56
-2.48
-3.83
-3.03
0.89
1.56
2.00
-2.34
-2.75
1.09
4.05
2.88
0.27
-1.96
-2.74
0.48
0.18
-0.27
0.28
2.62
-2.02
-3.23
-4.70
-3.25
0.76
0.29
-1.32
-3.02
-3.30
-7.92
-5.49
-3.58
-2.96
-7.45
-8.74
-8.91
-6.93
-1.86
-5.32
-5.70
-5.26
-4.68
-0.15
0.39
0.28
1.30
3.47
4.08
4.42
3.98
-0.09
-0.19
1.38
3.31
5.85
5.78
7.26
8.56
11.60
12.12
11.64
4.30
3.05
3.45
-0.84
-1.29
-1.86
-1.08
-1.06
-1.63
-0.09
0.90
7.11
7.23
5.37
5.12
6.42
9.57
9.12
9.01
8.01
7.84
8.21
8.19
7.26
7.62
8.51
8.98
7.49
7.45
7.27
8.07
9.39
10.13
10.12
9.73
10.29
12.72
12.90
10.55
2.61
5.14
9.01
12.27
12.57
14.50
13.04
13.44
13.11
7.03
6.13
5.52
5.25
5.80
7.59
5.85
4.88
7.12
8.55
8.03
8.63
3.60
3.77
7.17
8.24
8.71
2.43
1.24
1.53
2.89
3.17
5.67
5.55
4.25
4.62
5.35
11.15
10.67
9.62
7.19
7.32
3.07
0.01
-1.42
-2.36
-1.70
-1.38
4.66
1.73
-2.88
-4.71
1.31
0.47
5.01
6.31
7.55
9.83
8.33
6.67
8.32
9.30
9.07
2.55
3.19
3.96
4.78
8.06
4.72
2.05
1.33
4.19
3.12
1.37
-7.67
-7.43
-8.51
-3.27
-0.92
-0.50
0.77
2.48
5.45
6.01
1.34
4.95
8.23
1.93
2.88
6.88
9.53
5.00
4.69
-2.27
-3.65
2.48
1.93
0.83
-5.57
-2.62
-6.01
-2.43
0.72
-2.33
-5.71
-10.42
-10.74
1.45
0.90
-9.05
-8.83
0.03
-0.87
0.30
-6.84
-9.62
-12.03
-13.05
-6.45
-6.14
-10.38
-10.15
-11.22
-5.82
-4.01
-9.20
-5.36
2.08
2.61
-1.22
-1.93
-6.01
-4.73
-2.32
-1.41
1.92
3.06
0.38
-2.11
-4.21
-2.00
2.85
1.38
-4.04
-3.13
-4.62
-1.96
-2.84
-3.48
-1.17
-3.78
-8.41
-8.02
-7.40
-10.35
-9.91
-3.83
-4.98
-4.88
-3.10
-3.40
-8.24
1.05
2.08
0.95
-2.81
-2.21
-1.20
-0.83
-5.30
-9.29
-11.16
-4.43
-6.17
-2.69
-2.67
-7.14
-8.55
-5.95
-9.38
-12.39
-7.09
-10.26
-13.91
-13.77
-9.80
-9.30
-6.39
-7.43
-8.27
-6.97
-6.37
-9.00
-8.95
-7.80
-8.10
-10.09
-7.38
-8.84
-8.42
-9.57
-10.44
-3.58
-7.88
-8.23
-2.37
-8.03
-8.02
-9.87
-10.59
-6.31
-5.41
-5.89
-9.06
-10.71
-9.99
-10.81
-11.18
-9.14
-9.92
-7.67
-8.04
-3.21
0.89
0.98
-1.06
0.95
1.46
0.66
-0.14
-1.08
-2.19
3.03
0.03
-0.74
2.17
-0.71
-6.56
-11.37
-12.10
-11.60
-9.23
-7.27
-5.10
0.32
1.54
0.01
-0.22
0.14
0.44
-0.35
-0.43
-0.07
2.68
-4.27
-4.41
0.27
1.84
1.02
-0.46
-0.63
-2.38
-2.08
-0.17
-7.33
-8.92
-0.95
-2.18
-1.86
-0.19
0.17
0.34
-2.90
-4.71
-4.75
-5.57
-4.35
-4.20
-3.12
-3.58
-4.67
1.75
0.95
-1.50
-1.73
1.70
3.33
-4.83
-5.69
-5.85
-5.93
-6.01
-1.05
0.59
1.21
2.17
3.66
6.25
1.28
-0.36
-1.52
0.81
-0.32
-0.78
-1.52
-0.19
1.05
0.97
0.98
0.80
1.10
-0.64
-0.81
5.35
8.46
12.52
9.48
8.07
8.93
10.12
7.46
4.95
3.67
3.77
2.01
2.87
3.44
3.78
5.59
9.01
7.70
6.43
4.01
3.50
3.66
6.50
-0.03
-0.36
3.27
4.13
6.29
5.44
5.31
6.37
3.68
-0.55
-1.35
-1.30
3.84
4.44
4.09
3.96
4.86
8.98
10.71
11.63
14.41
3.02
3.09
5.86
8.28
6.34
6.49
5.01
5.27
4.66
3.27
4.60
7.50
7.73
5.93
5.62
6.31
4.64
5.44
5.98
7.88
7.00
10.31
6.02
4.87
1.11
0.20
-0.07
-0.24
1.67
5.27
3.42
2.54
0.80
2.04
1.33
0.46
4.84
6.18
3.87
5.01
7.47
6.58
1.81
0.27
4.62
6.63
7.33
6.35
6.38
6.28
6.62
6.77
5.99
3.36
1.16
2.44
4.70
5.25
5.31
7.47
6.13
7.95
5.41
3.55
0.95
1.71
1.46
-0.23
5.51
8.39
6.56
6.18
5.68
4.73
4.92
3.48
3.24
1.72
1.95
3.45
6.30
6.29
6.09
3.00
4.86
1.10
1.58
2.39
5.06
5.01
8.32
8.69
7.41
-5.75
-8.26
-7.01
4.51
2.33
1.82
2.61
0.48
-0.20
3.93
5.96
4.60
3.34
1.42
-1.38
-5.61
-6.52
-2.44
-2.92
-0.01
-1.20
2.85
-2.82
-2.88
2.95
-4.59
-5.24
-5.48
-6.77
-5.78
2.49
3.62
3.97
5.97
4.40
0.71
0.92
0.58
1.62
2.76
1.84
-0.28
-1.04
-2.33
-2.03
-3.65
-4.26
-7.05
-9.27
-11.24
-6.97
-8.11
-4.47
-1.47
-3.74
-3.71
-5.91
-6.69
-1.20
-2.25
-2.63
-2.61
2.45
3.33
-3.32
-8.50
-12.49
-12.86
-13.81
-14.44
-13.49
-5.63
1.91
0.50
-1.68
-6.83
-4.66
-0.86
-4.09
-4.14
-4.32
0.16
-10.81
-7.35
-2.50
-7.19
-2.16
-6.03
-12.57
-12.68
-8.26
-8.41
-6.93
-8.08
-8.03
-11.47
-12.80
-10.57
-10.59
-10.68
-8.31
-15.09
-14.79
-14.52
-14.66
-13.21
-10.90
-8.05
-5.98
-5.99
-10.28
-6.81
-0.80
-0.12
-3.19
-5.64
-6.81
-8.41
-6.53
-4.56
-5.02
-5.01
-4.93
-10.36
-11.29
-6.75
-11.70
-11.33
-7.84
-9.50
-11.04
-5.33
-8.17
-9.30
-13.39
-13.35
-6.87
1.01
1.45
0.34
-0.61
-1.72
-4.55
-6.35
-7.48
-5.79
-5.39
-2.71
-1.48
-2.06
-0.75
-4.46
-6.14
-3.49
-3.88
-6.11
-6.79
-7.28
-4.60
-3.14
-3.54
-6.52
-11.04
-10.01
-4.06
-7.20
-10.31
-10.42
-5.74
-1.14
2.83
-0.78
-1.55
-1.91
0.78
2.11
3.60
2.85
-0.46
-0.64
-0.41
-0.94
1.71
2.47
1.43
-0.71
0.44
0.69
-0.39
-5.78
-2.98
-4.88
-0.08
-0.05
4.14
4.91
5.25
-0.42
-0.54
1.42
-0.07
0.66
7.28
8.20
7.22
1.91
-5.32
0.17
2.56
4.46
-0.94
-5.94
-6.32
-3.95
-2.07
0.58
-0.34
-0.93
-1.22
1.51
2.66
2.46
2.93
4.72
4.73
8.31
9.46
9.87
9.38
8.44
6.29
4.94
6.64
7.24
5.57
5.72
4.33
3.86
4.39
4.56
4.62
1.88
0.95
0.99
4.36
0.90
3.32
5.30
5.71
6.46
6.51
9.48
11.05
12.98
14.43
16.83
16.01
14.84
13.59
13.70
2.39
3.68
6.96
10.41
8.43
8.27
9.31
12.34
13.63
13.70
11.88
10.46
9.55
11.96
9.33
9.85
7.13
2.13
2.87
4.41
3.97
5.64
3.94
4.72
5.40
6.25
10.29
9.98
10.63
13.22
14.06
12.90
8.52
7.88
10.36
11.71
9.36
5.07
2.00
2.14
3.42
2.95
2.09
3.70
5.93
6.63
6.65
3.31
2.10
8.92
10.37
11.41
13.05
11.88
10.79
5.77
4.93
1.99
1.75
-1.63
-1.62
1.80
2.67
3.87
2.61
2.69
4.88
5.29
1.93
1.40
7.32
0.78
0.89
-0.30
0.53
5.81
-0.99
-4.10
-2.95
3.73
5.09
3.81
1.40
0.65
0.92
-1.77
3.63
0.28
-0.81
3.26
1.59
-0.06
-1.13
2.26
2.02
2.39
0.86
-2.97
-4.76
-7.05
-7.49
-4.40
-0.80
-1.13
-2.81
-1.19
0.41
5.60
5.56
5.88
4.65
3.67
-1.57
-2.26
4.40
5.80
4.56
5.26
3.95
1.41
1.88
3.70
7.00
8.87
6.01
7.60
7.81
9.60
1.12
-1.02
3.37
3.17
1.73
2.68
1.00
-1.35
-12.75
-12.96
-13.30
-10.07
-9.42
-11.20
-7.59
-9.16
-6.21
-5.27
-0.08
4.72
4.56
-1.37
-1.26
-0.87
-1.43
-3.42
-4.10
-0.21
0.28
1.70
-0.87
-3.62
-1.17
-1.89
0.66
2.11
2.41
2.31
-1.23
1.32
-2.41
-0.13
0.73
3.62
3.28
4.03
-3.72
-2.17
-3.08
-3.25
-7.30
-8.31
-8.01
-8.78
-9.23
-8.34
-5.16
-3.11
-4.32
-8.46
-10.70
-14.23
-12.23
-14.71
-15.16
-16.06
-9.80
-9.49
-9.29
-8.04
-3.81
-2.29
0.40
1.47
1.44
0.85
-2.35
-2.64
-5.38
-3.68
-0.46
1.35
-12.11
-11.81
-4.58
-2.42
-7.76
-8.05
-11.33
-12.96
-14.46
-10.93
-8.22
-10.25
-11.24
-10.37
-6.68
-9.85
-13.67
-13.31
2.59
-2.93
-6.73
-7.11
-7.65
-10.41
-6.69
-5.37
-7.36
-8.88
-12.44
-13.21
-11.57
-10.91
-13.12
-15.95
-14.68
-14.10
-10.30
-5.61
-6.56
-7.06
-7.73
-7.89
-8.19
-6.46
-5.74
-3.71
-3.71
-4.16
-3.34
-7.58
-6.63
-4.76
-5.07
-5.36
-4.19
-5.18
-0.38
1.87
-0.64
3.62
2.24
1.62
-0.02
-1.74
-4.88
-5.70
-6.55
-6.97
-1.46
-2.50
-3.57
-4.59
-0.15
-0.18
-3.24
-8.06
-6.37
3.89
1.24
-0.64
-3.79
-10.51
-11.45
-7.98
-11.69
-11.03
-4.13
-6.64
-6.73
-5.02
-5.03
-4.52
0.56
0.63
0.58
0.75
2.14
3.30
-1.01
-1.85
-1.75
-3.44
-5.12
-4.59
-4.46
-1.03
-5.59
-2.41
5.23
-0.89
-5.44
-3.43
1.56
4.44
7.57
7.19
0.79
-0.55
0.63
0.70
0.45
2.49
2.61
2.72
3.31
4.99
3.55
3.08
3.45
1.87
1.96
0.90
0.89
0.53
-0.85
-1.62
0.57
0.47
1.02
5.40
10.16
12.06
9.93
5.32
2.57
1.13
5.45
6.39
6.43
8.08
4.58
2.66
7.67
5.81
6.06
9.11
8.64
8.39
12.19
8.52
3.77
-1.72
-1.92
-0.89
4.98
10.29
10.56
10.87
12.22
10.08
7.81
7.86
7.71
8.76
8.46
6.40
6.12
7.54
8.75
6.23
5.01
6.05
8.34
5.43
2.76
2.29
6.84
8.35
2.78
0.19
-0.39
4.53
9.16
10.35
10.56
9.52
8.63
7.72
7.33
4.42
1.24
1.60
13.90
15.13
13.55
12.46
10.97
10.94
7.52
7.81
8.90
8.70
9.29
10.25
6.27
6.28
7.12
8.91
8.09
8.70
8.95
8.70
8.77
9.23
9.72
3.79
1.06
0.05
0.74
2.12
1.95
2.40
3.56
3.66
3.98
3.49
3.77
3.96
5.50
7.19
5.73
3.87
-0.79
-0.83
2.53
1.97
0.23
0.42
-2.82
-5.67
-6.01
-6.81
-5.73
-0.58
0.31
0.44
3.81
-0.36
-0.92
-3.22
-5.43
-6.26
-3.09
1.11
6.28
2.18
0.90
3.14
7.20
8.19
6.17
4.90
4.79
-0.78
-1.14
-0.68
-2.21
-9.94
-12.08
-12.71
-11.61
-7.67
-9.99
-11.68
-2.99
-4.43
-0.53
2.16
0.18
-1.82
-6.67
-0.40
1.79
2.34
2.73
1.11
-1.92
-2.60
-1.72
-2.12
-6.43
-3.24
0.92
1.46
-2.68
-3.86
-4.70
-4.86
0.48
2.04
2.65
4.50
-1.81
-1.92
-1.67
-1.52
-2.08
-1.44
-1.89
-3.59
-8.14
-4.72
-0.89
-2.56
-1.47
-1.23
-0.40
0.04
-1.95
0.65
-0.48
-0.84
-2.98
-2.54
-9.23
-8.78
-12.04
-14.90
-11.62
-6.84
-5.56
-6.20
-11.93
-11.33
-5.90
-15.18
-17.07
-16.61
-19.36
-18.29
-10.22
-9.41
-7.16
-6.32
-3.40
-2.28
-8.49
-6.64
-4.77
-4.27
-5.94
-6.73
-3.77
-2.05
-0.24
-0.99
-7.03
-7.73
-7.59
-7.72
-6.34
-6.41
-7.80
-8.52
-8.12
-3.63
-2.37
-2.25
-2.76
-3.41
-4.79
-5.89
-5.96
-5.16
-2.02
-0.74
-0.32
-9.70
-9.48
0.53
-0.90
-10.20
-11.03
-4.73
-0.85
-7.58
-9.11
-8.10
-10.68
-10.55
-0.68
-0.89
1.18
-0.05
-0.09
-0.81
2.51
1.20
0.73
-1.12
0.02
-0.20
-1.48
-2.77
-3.72
-1.56
-2.15
-5.56
-0.12
-2.12
-1.21
2.35
2.29
-2.97
-3.54
-0.20
-1.89
-4.76
-2.55
2.49
3.00
2.92
2.00
0.05
0.87
1.09
0.53
-1.69
-5.11
-5.79
-11.93
-11.63
-9.64
-6.81
-1.63
-1.59
1.27
-1.00
-4.37
-8.08
-9.01
-7.39
-2.96
-6.70
-6.42
-5.68
-4.33
-3.60
-2.37
-2.58
-2.43
-3.15
1.71
0.27
-0.03
0.80
0.82
1.77
4.52
6.69
4.80
-3.67
-3.50
-2.52
4.79
5.49
5.62
8.02
7.57
8.42
9.01
8.60
6.74
6.00
5.63
6.59
5.10
4.01
4.17
-0.71
-1.90
6.12
5.95
5.70
10.79
11.55
11.18
8.64
8.65
7.21
7.21
11.15
11.26
11.24
11.60
11.94
11.94
12.01
7.75
6.99
6.28
2.68
0.13
0.87
0.16
2.30
4.49
8.33
10.64
11.83
11.95
12.35
8.55
6.30
6.76
8.56
6.33
4.95
4.11
7.24
9.85
10.89
11.55
6.96
7.55
6.79
8.11
2.17
1.69
1.36
4.68
6.98
9.78
11.32
10.54
13.48
13.68
14.18
13.39
10.36
6.63
8.18
5.37
2.67
1.33
-0.64
0.71
6.36
8.45
9.77
8.28
10.01
7.50
1.92
2.17
7.49
8.66
11.10
10.03
10.35
11.24
12.19
12.44
12.59
12.64
5.01
0.46
-0.90
-0.95
3.31
5.69
3.66
0.41
3.62
-1.41
-1.23
0.47
-2.37
-0.73
-3.99
-3.51
-2.52
-3.13
-3.36
-3.86
-2.76
2.39
4.95
4.06
2.68
2.77
2.47
3.64
4.70
6.96
3.25
1.82
4.68
4.00
5.75
5.31
-3.99
-1.08
-2.23
-2.64
-0.81
4.38
4.82
5.78
8.03
7.26
7.69
7.31
5.38
4.84
4.36
-0.76
-6.25
-5.92
0.46
6.79
6.15
-0.69
0.77
-0.71
-2.57
1.56
2.04
-0.61
0.26
1.32
-8.30
-8.85
-6.21
-7.07
-5.77
-4.12
-3.90
-11.23
-11.21
-10.25
0.53
-0.84
-0.70
-3.16
-4.59
-3.00
-0.35
1.86
0.73
-0.46
-10.68
-13.32
-12.93
-7.52
-12.64
-14.60
-13.44
-12.46
-11.12
-9.19
-4.74
-2.23
-2.61
-13.79
-17.88
-8.53
-7.19
-13.26
-11.49
-6.25
-11.36
-12.66
-14.60
-11.55
-5.81
-4.40
-0.94
-1.85
1.07
3.12
-1.24
-6.11
-11.54
-17.08
-16.09
-5.91
-3.67
-8.22
-10.09
-7.15
-6.08
-2.91
-2.51
-1.75
-3.53
-4.62
-7.52
-9.04
-9.60
-6.43
-9.33
-7.65
-5.67
-12.81
-10.99
-11.13
-12.25
-6.69
-3.25
-3.84
-0.53
-1.03
-3.78
-3.42
-2.73
-0.65
-0.57
-3.26
-13.83
-14.84
-15.28
-11.91
-10.07
-8.39
-11.37
-12.09
-10.67
-13.25
-8.51
-17.93
-15.23
-13.26
-5.67
-1.01
-8.19
-10.03
-9.53
-12.59
-12.71
-9.55
-8.67
-3.67
-13.01
-23.05
-23.93
-19.85
-4.31
-7.70
-6.18
-6.01
-5.57
-7.39
-9.64
-11.24
-3.22
-0.89
-3.26
-6.46
-8.86
-7.62
-5.44
-6.06
-8.62
-9.68
-10.81
-15.06
-16.35
-9.34
-9.13
-6.36
-7.76
-7.62
-8.48
-3.47
-5.42
-6.78
-9.18
-8.89
-3.86
0.12
-3.78
-4.49
-0.97
4.04
0.33
-1.25
-3.06
-3.43
-4.72
-6.13
-0.47
0.40
-0.15
0.43
2.67
4.35
5.25
5.11
5.10
2.99
1.92
3.24
-1.81
3.32
3.27
-3.43
-3.92
-3.77
-2.33
0.35
4.38
5.01
6.78
4.07
2.97
2.05
0.65
1.15
3.55
-2.69
-2.87
-1.32
-0.49
-0.73
2.25
1.57
1.75
2.03
2.73
2.92
2.73
5.60
8.13
6.86
5.07
3.96
6.41
3.58
2.99
5.55
6.99
5.89
5.82
5.41
5.18
6.04
5.61
8.26
6.39
2.71
2.91
2.46
4.71
5.43
5.84
4.74
8.09
10.07
7.37
4.68
3.64
5.77
4.58
5.73
7.73
7.25
6.99
9.57
12.03
9.37
6.82
6.76
4.62
4.33
7.33
8.11
8.63
6.06
5.59
6.74
6.72
8.65
7.46
7.39
5.44
7.68
8.69
4.83
6.21
5.46
6.77
9.94
8.57
10.68
10.90
8.57
9.23
11.99
12.86
11.10
12.01
13.12
12.80
13.00
10.71
11.50
10.49
7.18
5.58
5.61
10.47
6.53
4.89
6.32
9.02
8.30
8.19
9.45
9.64
9.70
9.86
7.28
5.09
-0.61
-1.07
6.74
10.15
6.61
5.00
1.72
0.57
2.03
3.37
4.66
6.73
5.30
4.47
5.74
7.40
7.20
8.84
9.52
7.83
5.99
4.87
7.53
7.41
7.52
7.55
8.43
6.02
3.56
6.86
2.28
4.18
5.88
8.60
4.92
5.40
-0.83
-4.80
-3.86
3.93
6.06
5.92
4.33
2.95
5.56
5.41
5.48
5.33
5.09
5.80
3.12
2.25
3.95
5.27
5.25
6.08
5.75
7.07
5.12
5.01
4.67
6.90
3.92
-4.18
-1.85
-4.42
-8.91
-2.36
-2.10
-2.62
0.82
2.90
3.33
-0.10
0.14
-2.06
-0.18
1.15
0.90
4.93
1.64
2.59
0.80
0.42
-4.60
-6.22
-9.67
-9.10
-3.75
-3.60
-3.93
-4.26
-7.32
-7.32
-9.01
-4.65
0.53
-4.65
-7.00
-1.83
-2.04
-3.70
1.51
-2.39
-7.01
-9.51
-6.95
-8.73
-10.99
-8.94
-9.57
-9.90
-8.84
-5.31
-7.60
-5.04
-6.22
-7.00
-7.26
-2.35
-2.09
-5.26
-2.75
1.64
1.46
0.53
-0.29
-3.34
-2.78
0.12
-11.30
-9.08
-7.88
-6.43
-5.44
-3.07
-10.39
-14.51
-15.23
-13.60
-7.34
-7.58
-11.53
-10.78
-3.49
-11.72
-13.09
-10.80
-11.11
-12.03
-10.82
-13.43
-15.24
-14.57
-6.18
-12.60
-13.63
-13.64
-16.28
-12.58
-6.44
-7.18
-11.52
-9.76
-3.86
-1.92
-8.44
-8.34
-4.03
-10.36
-11.90
-9.62
-2.61
0.05
1.21
0.65
2.24
-3.34
-5.15
-3.40
-3.44
-2.86
2.12
3.29
2.46
4.84
4.66
-4.83
-5.89
-6.35
-2.78
-7.73
-8.52
-1.63
-6.19
-6.63
-6.28
-5.70
-12.43
-13.09
-9.81
-9.52
-4.62
-4.01
-8.95
-10.54
-10.78
-7.84
-2.46
-0.20
1.55
-0.53
-9.90
-10.85
-4.56
-3.55
-2.65
-2.89
-1.81
-0.54
-2.43
-6.35
-9.94
-9.15
-3.02
-5.08
-6.14
-4.35
-3.44
-3.48
-4.56
-6.54
-10.44
-7.80
-2.80
-2.11
1.12
0.61
0.37
2.63
2.47
1.65
1.36
0.46
-7.67
-5.55
-7.50
-7.91
-5.47
-0.74
-2.70
-3.63
-8.23
-11.75
-11.19
-2.99
-3.11
-5.91
-2.44
-4.08
-5.66
-4.02
-2.56
-5.93
-0.47
-0.63
-0.98
-0.69
-0.61
-0.23
0.46
1.55
3.33
1.05
0.56
2.29
-2.60
-3.37
-1.41
2.42
5.14
7.94
8.53
8.94
5.19
1.70
1.51
-1.83
5.06
0.65
1.74
-0.91
0.84
9.55
2.07
1.27
7.72
8.22
8.38
6.64
5.37
4.80
6.99
11.93
17.04
17.38
16.68
15.14
14.77
12.65
7.68
10.59
9.97
9.49
9.49
9.85
8.47
7.60
7.46
7.15
8.27
6.45
4.86
5.45
1.84
5.69
7.41
7.11
7.21
10.77
10.07
12.09
14.20
15.32
13.65
9.57
6.05
5.00
4.53
8.15
6.47
