2.81
4.06
0.17
4.60
2.97
0.46
-0.29
-3.11
2.12
2.46
1.14
-0.16
0.96
6.86
3.63
-0.25
-2.07
-2.25
-5.60
-0.84
-3.93
-4.19
-3.39
-1.94
1.01
1.03
-1.67
-1.36
-0.96
1.91
3.12
-2.10
3.86
1.58
-6.39
-1.58
0.39
0.48
3.16
1.28
3.11
-2.38
-3.57
-5.53
-6.67
-4.57
-4.34
4.58
3.52
-0.25
-3.61
0.29
-1.08
-2.73
-4.87
-4.00
-0.66
6.81
6.50
3.69
-0.34
-0.72
-3.71
-3.38
-4.94
0.18
-0.45
-3.67
-7.28
-4.08
-2.51
-4.55
-5.05
-6.25
-7.46
-9.27
-11.62
-13.61
-8.82
2.27
-1.93
-7.41
-8.93
-7.39
0.93
-3.28
-4.80
-8.91
-8.89
-8.45
-7.78
-5.79
-5.47
-8.23
-6.38
-6.28
-6.60
-5.23
-5.80
-11.62
-6.28
-3.22
-0.99
2.72
0.97
-2.66
0.83
5.87
5.18
3.44
4.61
6.17
6.92
4.54
2.97
2.37
5.07
2.35
4.54
0.22
3.19
4.74
-0.04
-3.94
-2.50
-0.08
-1.57
-1.30
-1.22
0.12
0.16
0.75
4.91
1.80
5.61
5.15
5.48
7.80
12.16
10.77
10.11
5.29
1.36
0.57
0.80
-0.13
0.58
4.19
3.44
1.05
1.23
0.06
-3.05
-3.42
-2.37
3.07
5.94
3.77
6.28
6.27
6.37
5.33
7.54
8.81
11.03
7.15
4.15
1.99
-0.53
2.48
2.59
4.05
5.35
6.07
7.64
10.78
11.75
13.34
8.51
7.79
4.25
0.74
6.34
11.15
7.14
5.82
9.94
11.89
11.64
10.43
10.69
9.16
8.76
12.73
15.47
13.97
11.43
13.01
9.36
5.85
7.97
7.49
8.29
11.04
8.66
4.42
10.41
11.42
11.88
10.23
10.33
11.77
13.30
14.03
14.11
14.07
12.99
13.15
14.54
13.13
9.58
9.55
7.06
5.38
10.68
10.55
10.53
8.25
8.65
6.27
7.88
10.50
11.11
6.20
2.96
2.74
2.48
6.35
9.84
10.29
7.89
6.24
7.50
7.21
5.75
6.50
8.24
7.65
6.51
5.49
6.61
8.25
6.18
5.54
2.70
5.61
5.97
5.23
12.46
15.50
12.74
7.69
10.26
8.50
8.44
8.14
6.95
8.49
6.85
10.67
10.54
13.18
10.53
5.40
10.09
7.48
9.65
6.36
9.74
10.43
10.52
5.07
-0.22
-4.21
-1.54
-2.79
-3.15
-0.59
-0.96
-2.54
-2.41
-1.05
-2.02
-0.48
3.54
5.49
3.75
5.20
3.70
7.81
6.27
8.06
7.66
8.68
2.68
0.51
3.21
5.44
5.17
-1.37
-4.55
0.42
-1.20
-1.93
-2.29
-0.85
-0.14
0.47
2.08
0.84
-3.86
-5.09
-2.33
0.47
-4.36
-8.01
-2.60
1.01
1.86
-0.57
-3.55
0.34
-2.50
-2.86
-4.81
-1.06
-2.36
-0.97
0.15
2.88
6.46
4.03
4.66
0.43
-3.68
-5.73
-5.59
-3.28
-1.88
0.81
-1.65
-3.92
-3.30
1.12
-0.11
2.28
2.52
2.12
-5.88
2.42
6.47
1.17
1.86
-2.37
-2.41
-0.10
1.28
1.50
-2.03
1.15
1.33
1.48
1.52
2.81
-0.87
3.04
6.42
4.96
2.06
-0.21
-3.88
-1.68
-0.64
-4.62
0.51
-3.55
-3.23
-4.71
-8.61
-14.09
-14.81
-12.87
-14.41
-9.28
-5.43
-5.37
-5.82
-4.64
-5.98
-2.85
-0.90
-0.70
-0.50
-1.25
-4.08
-2.05
-3.73
-8.95
-5.52
-8.29
-4.94
-1.59
-3.59
-4.62
-4.03
-2.21
-1.31
-4.31
-1.73
-2.16
3.51
6.75
6.25
5.49
5.77
7.38
4.17
3.43
-0.59
-1.48
-7.08
-9.87
-8.24
-8.19
-7.36
-2.85
-6.20
-6.56
-5.63
-5.17
-5.82
-3.54
-1.55
-1.71
-1.58
-2.25
-5.18
-7.15
-6.64
-1.10
6.46
-0.52
3.14
4.42
4.86
5.11
5.19
2.68
1.98
1.77
1.35
2.96
-1.19
-5.07
-9.21
-4.40
-4.26
-2.50
-2.63
-3.72
-2.47
1.10
2.50
2.46
0.94
1.89
1.88
0.84
-2.10
-7.04
-5.68
-2.61
0.09
-2.11
-3.06
-4.08
-1.03
1.71
0.57
1.84
9.50
8.93
7.57
8.28
5.12
3.83
4.32
3.85
0.21
4.93
5.10
5.04
7.14
8.33
4.26
1.21
-0.15
-0.37
5.30
5.77
4.06
1.85
-0.33
6.43
6.00
4.14
4.83
7.44
3.28
-0.93
-0.61
0.84
4.71
7.43
9.54
10.64
9.58
9.14
11.21
11.03
10.90
11.92
10.40
8.55
6.67
9.01
9.97
11.38
11.82
11.89
11.29
11.42
9.23
11.28
10.80
11.26
12.80
12.33
12.63
11.64
11.93
10.90
10.56
10.11
9.98
9.20
10.05
13.07
8.83
10.04
10.51
14.01
13.69
12.53
11.24
9.19
9.71
8.10
3.32
4.17
6.00
3.68
2.36
5.73
8.50
8.39
11.47
7.16
5.33
5.93
8.95
7.89
9.51
12.32
12.84
11.40
9.07
6.11
6.09
7.51
7.75
8.19
5.62
5.92
6.98
4.85
5.02
6.71
8.35
8.18
7.41
7.85
7.39
9.00
7.17
6.43
7.57
6.42
3.47
3.38
4.56
2.65
0.31
0.62
5.42
6.10
6.58
6.66
2.29
3.55
5.51
5.64
1.74
-0.69
-1.64
1.02
3.54
3.33
6.69
5.67
4.85
6.40
6.13
8.63
8.29
10.40
7.71
6.19
8.61
4.97
4.67
4.22
3.13
3.43
10.33
13.73
14.88
12.99
10.38
7.11
3.10
1.14
2.23
-3.52
-3.14
1.79
-0.57
-1.63
-0.19
1.16
7.49
8.09
2.32
2.94
3.20
3.15
-0.00
2.73
2.91
-1.96
-1.90
-1.73
-3.45
-2.16
2.86
3.45
-1.62
-1.26
-0.12
-0.27
-2.74
-3.55
-3.82
-4.62
-4.56
-1.77
-0.64
0.02
1.06
-1.34
-1.26
-1.18
-7.46
-3.46
-0.66
5.98
0.88
2.54
2.07
-1.29
-4.02
-5.93
-9.20
-9.28
-9.98
-4.12
-4.41
-3.86
-1.45
-1.93
-7.72
-9.84
-8.44
-6.48
-2.50
-4.49
-2.77
-1.50
-1.71
-1.90
-1.60
-1.46
-0.59
-2.77
-4.54
-4.50
-3.43
-8.99
-11.38
-4.92
-0.35
-0.20
-5.75
-8.06
-2.20
-1.37
0.20
-2.71
-2.57
-5.72
-5.76
-7.12
-9.25
-8.22
-6.70
-11.09
-11.79
-8.42
-6.50
-4.72
-1.74
-3.27
-1.36
-1.33
-1.42
0.81
0.75
-6.28
-4.86
-4.72
-6.56
-7.53
-7.73
-6.03
-0.44
0.58
1.27
-1.72
1.77
-1.88
-0.32
-0.30
-5.30
-5.38
-5.74
-7.84
-7.76
-7.74
-3.96
-3.08
-2.67
-0.82
-2.64
-5.05
-1.62
-2.92
-5.38
-7.15
-4.01
-2.39
0.16
3.64
4.15
4.13
5.77
4.49
5.89
3.51
11.17
2.85
-2.21
-4.20
-3.86
-3.43
-0.13
7.82
5.93
-0.53
-4.94
-5.55
-4.36
0.84
2.16
0.37
3.92
3.81
-1.28
-2.69
-7.81
-4.87
-3.90
1.50
-0.85
-1.04
-4.72
-1.20
2.05
-1.58
-4.82
-12.55
-10.27
-9.79
-4.12
-0.49
-4.03
-8.95
-0.48
-0.01
-1.33
-1.96
-0.80
0.49
4.10
2.72
0.51
3.02
9.02
3.61
4.28
1.40
0.29
-1.28
1.01
2.23
2.52
-4.21
-3.80
-2.59
-3.68
-3.38
0.73
2.77
5.46
-0.54
-0.23
-1.12
-0.68
1.63
6.17
7.66
2.98
4.25
4.30
5.05
6.82
7.35
4.46
2.50
3.64
3.42
3.01
4.02
4.09
4.35
5.15
2.65
2.85
2.71
4.55
5.53
6.81
8.69
5.82
11.03
11.48
3.56
1.78
6.76
8.94
8.05
5.76
5.90
4.28
3.27
5.06
5.61
4.92
4.15
4.22
6.62
4.14
3.67
6.86
12.46
12.75
9.18
8.73
9.91
11.30
8.57
6.96
9.26
11.04
12.06
9.58
8.80
6.79
7.99
5.38
9.14
8.13
8.17
3.33
5.39
8.89
10.40
7.79
1.52
4.26
4.67
6.05
7.09
5.41
4.35
6.20
9.04
10.07
8.58
11.32
7.70
6.74
6.46
5.90
6.57
6.46
6.62
9.67
9.80
11.33
9.87
8.44
3.17
4.58
3.18
2.92
3.74
4.57
7.68
5.73
5.41
5.67
7.70
6.09
8.35
7.89
7.94
9.51
8.58
10.01
11.42
12.92
12.12
4.67
10.39
11.97
13.98
9.30
11.90
10.50
8.63
4.51
-3.86
-0.04
-3.09
-3.55
-1.22
-0.44
1.53
3.37
3.33
4.05
6.70
6.31
10.63
5.59
-0.15
1.47
5.26
6.13
7.34
6.15
3.97
5.60
2.23
3.19
8.37
8.97
8.68
8.17
8.76
9.00
8.15
7.23
7.79
7.66
8.08
5.53
5.55
4.72
4.30
4.27
1.40
1.20
1.19
2.33
-0.16
5.11
5.26
3.28
3.99
1.45
1.39
3.50
6.55
7.66
10.74
5.32
-1.54
0.65
-0.14
-6.72
-7.82
-9.95
-8.01
-3.31
-5.96
-9.40
-6.36
-5.75
-7.73
-11.86
-12.11
-7.98
-8.61
-5.92
-5.27
-2.97
-0.95
-1.55
-3.26
-3.46
1.92
1.69
-1.50
1.02
4.90
2.69
-1.80
-0.33
3.56
5.20
4.76
-0.82
0.97
-0.53
2.37
-0.95
3.11
6.51
2.26
3.35
-1.33
-7.61
-5.98
-4.94
-6.28
2.17
-0.13
2.20
-7.34
-4.64
0.02
3.21
1.83
0.89
-4.17
-3.98
-4.32
-1.17
-1.19
-3.21
-6.01
-5.16
-8.93
-7.81
-9.15
-3.80
-3.40
-4.72
-2.94
-7.83
-8.18
-7.05
-5.81
-9.75
-10.95
-8.82
-4.84
-5.45
-8.96
-8.54
-6.30
-8.34
-10.69
-9.34
-8.94
-5.47
-5.31
-8.18
-10.07
-13.88
-6.09
-2.50
-1.49
0.70
-0.67
-2.15
-2.48
2.45
6.67
2.00
-0.04
-1.78
-2.27
-2.18
-1.84
-2.89
-1.12
-0.94
-4.17
1.15
4.75
-0.49
2.94
2.07
6.97
4.64
-3.03
-4.83
-4.46
-4.31
-8.81
-9.95
-4.39
-0.34
-3.21
-4.09
-3.69
-10.42
-3.96
-3.82
-1.00
6.04
2.97
0.48
-2.27
-3.27
-2.40
-3.04
-1.08
-1.97
-2.72
-0.95
-1.91
-1.55
-3.09
-5.49
-7.99
-7.23
-6.96
-7.47
-6.97
-8.79
-2.81
-2.92
-2.80
-4.56
-2.07
-2.12
-1.78
-1.55
-1.45
-2.76
-0.85
-0.19
0.35
-1.33
-2.80
1.45
4.25
4.40
0.49
-2.46
-0.35
0.98
0.44
-1.51
-0.22
-4.13
-3.12
-2.13
1.02
2.82
2.77
1.45
3.41
3.74
1.85
-0.78
-0.22
1.28
5.02
4.03
4.17
5.19
5.74
4.06
5.02
7.23
7.46
7.55
8.68
9.20
8.08
7.50
9.52
8.85
7.98
9.18
4.66
2.78
3.36
0.58
-0.93
1.85
1.92
4.37
3.85
4.26
5.15
-0.27
-1.14
-0.20
-0.44
1.37
5.93
6.58
5.72
5.42
8.41
4.00
0.63
0.66
0.25
2.40
5.01
8.80
8.92
10.13
11.23
13.20
10.49
13.47
14.96
9.65
3.94
4.63
2.62
7.06
8.76
8.34
9.33
10.40
10.06
11.63
12.15
12.42
8.81
7.07
9.59
11.07
10.47
10.64
12.19
9.51
1.13
1.79
1.78
4.81
5.41
3.90
9.94
9.75
8.17
5.02
9.94
10.53
11.69
11.29
11.65
10.97
10.27
10.50
9.53
8.70
8.25
9.25
5.48
0.37
1.43
3.63
8.74
8.59
6.80
4.41
5.31
10.18
7.96
12.79
12.18
4.30
13.01
11.66
10.82
15.32
14.80
12.15
9.39
6.25
8.68
12.85
10.37
13.22
12.61
9.41
3.61
1.11
6.03
0.32
-4.29
2.58
4.30
0.84
3.69
7.04
11.17
10.27
11.59
13.85
14.75
13.59
9.36
8.44
5.72
3.31
0.74
3.54
5.57
6.11
6.36
6.38
4.00
6.50
6.29
3.62
5.06
3.05
8.74
9.22
8.37
6.41
6.69
3.74
3.78
5.74
6.99
4.90
6.13
6.67
2.80
1.38
2.42
1.95
4.95
5.34
2.50
3.80
3.42
6.33
4.11
-0.56
5.56
5.08
4.14
-5.07
-7.86
-9.62
-14.37
-7.35
-5.00
-5.41
-4.05
-3.38
-3.52
-2.89
-2.41
0.76
2.76
-0.23
5.21
5.72
0.80
-2.80
-6.59
-5.99
-4.89
-5.15
-6.08
-4.21
-4.54
-2.66
-2.57
-1.53
-1.08
-2.94
0.78
5.23
0.90
1.23
-1.53
-1.43
-6.00
-17.24
-9.23
-6.78
-5.51
-4.03
1.16
-0.97
-2.31
-5.84
-7.87
-12.21
-13.23
-10.96
-9.01
-8.47
-8.78
-7.42
-1.23
0.00
0.02
1.74
0.32
-4.22
-2.94
-3.86
-0.42
-0.24
-6.61
-8.77
-6.32
-2.42
-1.85
-2.65
-0.90
-1.99
-2.74
-2.38
-2.63
-0.14
-1.12
0.33
-2.96
-2.02
-5.19
-6.50
-5.12
-3.65
-2.86
-5.63
-3.96
-4.04
-4.27
-9.27
-9.14
-1.66
-6.04
-7.24
-7.94
-9.38
-3.86
0.81
4.92
-0.62
-1.22
-3.68
-6.92
-0.31
-3.01
0.47
1.01
3.97
0.68
-0.40
-6.35
-4.89
-3.80
-3.69
-3.52
-4.96
-5.12
-4.43
-1.95
-0.03
-1.06
-4.28
-4.23
-10.00
-6.73
-6.57
-6.69
-5.36
-5.98
-8.92
-8.58
-10.19
-7.02
-0.93
0.82
0.68
0.25
-1.95
0.28
0.69
1.49
2.00
-3.70
-4.54
-3.95
-2.82
-5.08
-1.78
-1.51
-1.74
-5.58
-6.25
-4.77
-4.96
-2.54
-2.59
-2.09
-1.82
-7.62
-8.29
-6.59
-4.75
-1.22
0.26
1.29
1.31
3.84
4.61
4.73
7.33
5.08
5.74
4.34
3.98
8.01
7.59
3.05
4.21
6.49
3.17
2.39
4.21
3.55
8.44
9.62
9.60
11.19
11.27
9.92
10.19
9.17
7.04
6.03
5.82
6.99
8.99
8.74
9.42
9.90
7.16
2.56
1.89
-2.10
2.17
3.79
5.91
6.20
8.37
6.29
8.77
8.43
9.79
11.02
8.64
9.43
10.79
7.69
6.16
1.75
0.92
3.51
6.69
7.61
7.95
6.12
10.56
10.95
11.50
10.71
6.94
8.17
9.97
8.75
9.87
12.15
11.39
9.49
9.66
7.33
7.11
8.18
10.41
10.49
12.11
13.35
14.73
13.03
11.49
11.82
10.93
10.10
8.86
12.13
12.62
11.64
9.16
8.03
3.80
4.92
7.23
10.45
12.35
13.35
9.51
8.06
3.15
4.50
5.69
6.65
7.70
6.07
2.38
2.27
2.55
2.54
3.72
9.18
6.15
10.34
10.68
9.44
6.63
7.08
10.71
8.04
9.63
9.18
9.08
6.43
8.95
11.00
9.51
8.69
6.99
11.68
8.45
9.02
8.39
6.53
4.58
-0.19
0.75
-0.39
-0.25
5.79
8.46
9.65
8.55
7.17
7.45
6.68
6.66
8.43
3.18
8.73
5.46
8.69
11.30
12.87
8.35
4.38
4.32
3.23
2.44
2.31
2.02
5.12
10.73
10.39
5.75
5.46
3.25
3.35
2.82
3.00
1.35
0.83
-1.47
-2.96
2.80
2.25
0.91
-0.40
4.69
2.99
-1.98
0.44
3.69
2.15
-5.55
-8.32
-2.90
-4.07
-4.80
-5.78
-9.80
-6.58
-2.23
-6.80
-4.13
-1.41
-0.22
-0.20
0.77
3.69
4.24
6.37
9.83
8.57
5.58
4.92
6.55
2.68
4.23
3.29
2.08
2.98
2.05
-1.00
0.90
0.90
-4.16
0.73
-0.42
-3.03
-3.24
0.62
-1.10
-7.85
-11.94
-2.56
-0.51
-4.84
-6.42
-5.57
-3.49
-1.99
-2.67
-7.85
-9.76
-11.45
-10.15
-14.12
-8.57
-3.51
-4.71
-8.30
-9.54
-7.47
-7.23
-6.10
-8.34
-7.87
-7.11
-4.88
-3.55
-3.14
-5.08
-5.68
-5.44
-6.90
-6.00
-5.52
-3.70
-2.23
-3.12
-4.49
-1.37
2.27
-0.56
0.10
-0.40
-6.67
-5.29
-3.83
0.55
0.67
2.68
-2.60
4.67
5.76
-1.98
-5.42
-1.51
1.29
-1.55
-0.68
-4.02
-4.19
0.52
-4.77
-6.17
-5.49
-5.33
-2.84
-0.84
-0.57
4.70
2.68
-1.35
1.40
9.84
1.53
-2.22
0.07
-2.94
-4.10
-3.97
-8.64
-8.16
-5.78
-7.06
-2.34
-6.17
-7.33
-6.21
-6.82
-3.33
-4.81
-3.96
-4.05
-6.36
-4.80
-4.79
-5.53
-4.04
-2.39
-0.65
2.17
-1.71
-2.89
2.00
2.08
-0.82
-8.21
-8.41
-7.54
-7.28
-6.08
-6.54
-8.61
-7.01
-3.00
-1.04
-1.77
-0.53
0.14
-0.49
-0.37
0.08
-0.62
-4.67
-8.91
-8.63
-8.37
-4.93
-5.76
-4.36
-5.71
-2.41
-1.27
-0.35
-0.80
0.00
-0.39
-0.33
-1.11
0.72
0.46
-0.66
-1.13
0.99
4.21
5.00
3.79
1.78
-0.80
-4.01
-2.12
-1.89
-1.37
1.81
1.25
1.08
1.44
0.86
3.55
3.05
1.08
0.55
-1.09
-2.19
1.07
-1.77
-0.13
5.24
6.00
9.57
8.41
6.00
3.09
4.72
2.53
5.60
9.96
14.07
13.89
5.27
6.42
3.34
3.56
5.97
4.95
4.05
2.07
2.17
2.11
0.38
1.06
-0.61
2.48
2.94
3.23
2.07
0.66
2.50
5.59
6.80
6.69
6.49
6.08
2.43
1.40
1.87
2.97
4.90
8.10
7.49
4.72
6.02
8.50
10.35
9.62
2.98
11.15
13.99
13.06
15.45
12.18
9.47
13.04
10.19
8.04
11.92
13.95
16.98
15.90
14.57
13.07
15.16
15.39
10.05
10.07
11.52
10.04
7.22
7.90
12.03
11.41
6.54
7.54
10.29
10.14
11.24
15.27
10.92
7.44
6.95
10.16
8.68
7.18
8.08
10.23
8.76
4.74
5.95
9.76
11.54
13.39
9.81
6.49
9.69
12.22
4.84
5.47
7.20
13.12
5.91
9.46
12.27
14.82
9.85
9.89
11.30
10.23
9.77
9.59
7.19
8.70
9.10
6.41
7.63
6.62
7.08
8.26
14.71
9.22
13.53
8.87
7.74
6.41
6.54
1.89
-4.60
-1.65
-0.18
-3.52
-4.16
-2.35
2.52
4.52
3.92
-3.31
-4.08
0.30
4.44
7.26
2.55
0.85
-4.03
6.14
10.25
11.83
5.30
6.01
6.33
1.73
-1.94
-8.02
-3.08
0.79
1.06
-2.51
0.59
1.33
-0.89
-1.76
-3.94
-2.01
4.14
4.29
6.06
5.42
5.11
4.24
10.88
6.19
8.30
8.00
8.07
5.72
-2.74
-6.32
-8.38
-12.77
-12.94
-4.47
-4.01
-8.48
-12.55
-6.99
-6.91
-12.21
-9.36
-5.33
-0.27
1.00
-0.08
-0.93
1.73
-0.38
-7.59
-2.39
-5.32
-9.49
-6.21
-6.96
-4.80
1.93
7.03
3.22
-4.91
-11.27
-6.15
-0.22
0.08
0.45
-0.93
-3.86
-2.17
-2.53
-13.10
-10.30
-13.38
-10.04
-7.33
-6.07
-5.54
-5.44
-9.50
-6.00
-5.93
-5.69
-5.15
-8.57
-5.76
-8.03
-5.14
-2.88
0.18
0.68
1.23
-1.53
-2.68
-0.09
-2.44
-2.83
1.34
0.27
0.59
0.02
-4.66
-9.78
-1.96
3.89
8.83
4.65
-5.34
-8.78
-5.99
-5.20
1.01
1.25
-0.35
-3.03
-12.50
-11.98
-7.28
-12.20
-8.23
-9.80
-9.62
-6.87
-6.60
-6.54
-1.99
-3.05
-3.37
-6.20
-8.05
-1.64
-3.21
3.99
4.13
0.47
4.11
6.85
1.07
-3.88
-5.90
-5.95
-6.82
-9.48
-11.00
0.55
1.71
-1.03
-1.63
1.50
3.36
9.29
7.96
4.49
1.52
2.56
-0.07
2.36
2.57
3.51
5.06
5.35
1.23
0.76
3.23
4.49
4.21
5.03
3.65
4.67
6.09
6.62
4.15
3.74
0.02
-2.59
-5.12
-5.35
-2.06
-0.49
-0.26
-0.24
-1.38
-3.10
-8.66
-5.63
-3.03
0.65
0.72
-1.24
-2.80
-6.26
-4.75
2.40
7.75
2.92
5.01
5.97
-0.27
-1.07
-0.73
0.95
1.68
1.62
0.55
3.78
6.78
7.61
8.60
1.86
5.47
3.32
3.22
0.29
-2.06
2.11
5.37
6.16
8.33
11.33
11.77
9.90
2.37
6.67
8.92
9.40
10.77
11.43
8.79
12.48
11.91
13.73
13.51
14.02
12.10
6.67
-1.53
2.14
2.88
1.84
-0.67
4.29
6.02
5.22
3.91
6.58
7.99
2.04
4.67
9.05
12.73
7.97
5.98
7.20
8.84
10.88
10.62
11.38
10.81
8.61
8.97
6.70
7.92
8.88
9.48
8.67
4.54
0.86
3.78
8.01
9.41
6.17
3.21
0.90
1.98
5.11
8.65
13.92
14.69
16.90
13.27
10.20
13.22
14.23
14.60
14.28
11.95
10.62
7.73
5.87
4.98
7.00
10.32
11.89
12.72
12.74
9.62
9.17
11.03
9.41
4.57
6.82
6.59
5.78
6.41
9.06
9.23
11.64
11.05
10.86
10.10
6.22
5.97
4.99
5.69
7.06
8.68
8.94
10.30
8.66
7.10
7.76
9.10
6.03
3.64
6.43
6.61
9.91
10.18
6.86
10.44
10.14
10.77
6.92
5.89
5.85
6.01
3.00
-0.32
3.32
9.02
7.71
3.08
2.85
4.94
8.92
9.75
5.04
8.73
6.95
3.85
3.95
5.16
1.16
4.31
6.78
6.48
11.00
7.37
4.98
5.43
0.61
-6.94
-7.22
-6.46
-4.52
-4.87
-2.86
-0.85
3.12
0.63
4.82
11.23
8.83
9.24
7.41
4.68
6.46
2.37
-3.67
-2.06
-5.08
-1.91
-2.68
-1.07
-0.74
-4.26
-0.52
-0.30
1.62
2.03
4.27
6.19
4.21
4.17
1.06
-0.69
-1.43
2.05
-5.27
-9.98
-2.72
-3.62
-9.82
-3.58
1.67
-6.89
-7.19
-6.39
-4.18
-4.87
-4.86
-2.47
-4.86
-4.53
-4.21
-1.70
-1.11
-4.65
-3.54
-8.02
-5.86
-6.97
-7.87
-6.93
-7.13
-10.97
-7.24
-3.97
-2.54
-2.86
0.08
-0.66
-4.03
0.94
6.75
4.56
-1.55
-1.46
-3.49
-1.64
-0.69
-1.95
-3.10
-4.24
-1.26
-1.68
0.12
-0.98
-2.49
-3.20
-2.03
-3.47
-4.29
-4.30
-7.35
-9.35
-6.66
-2.58
-6.77
-2.66
-1.73
2.94
3.69
2.60
-0.47
-2.29
-4.21
-1.28
-0.53
-1.77
-2.33
2.53
3.77
2.24
0.89
-1.65
-5.67
-7.15
-2.67
-1.05
-0.24
-2.60
-3.91
-7.63
-7.17
-10.83
-11.74
-9.72
-8.40
-3.68
0.02
1.03
-4.66
-1.31
-2.12
-6.83
-9.32
-8.57
-5.54
-8.10
-4.24
-4.08
-2.86
-9.20
-8.03
-2.38
-3.80
-4.00
-9.68
-6.72
-6.39
-7.51
-7.02
-7.96
-4.71
-1.27
0.75
-0.52
-2.99
-2.30
-4.98
-7.51
-0.68
-0.53
0.69
4.78
4.95
1.00
2.11
2.27
0.75
-0.65
-0.06
-2.29
-3.45
-4.81
-3.02
-0.23
0.04
1.60
1.81
-2.56
-2.93
-1.53
0.62
-4.54
-4.63
-0.07
0.52
0.46
-2.00
-5.52
-3.55
-1.29
2.38
1.71
-0.86
-3.51
-5.42
-1.67
-1.30
-2.12
4.49
4.43
6.24
7.09
6.99
6.91
6.07
5.76
5.54
5.93
5.44
4.51
3.30
0.14
8.23
9.88
6.58
6.23
8.68
7.90
6.83
8.48
6.61
8.04
7.96
8.81
9.32
9.13
10.13
9.52
10.44
7.82
5.08
-0.57
1.31
3.55
6.56
11.06
10.77
5.22
9.43
7.11
11.14
7.49
10.04
11.40
7.89
2.23
4.98
5.90
6.60
10.76
12.19
11.02
8.90
14.43
15.47
13.32
14.83
14.56
15.77
15.48
15.33
14.15
11.95
12.05
13.87
11.84
10.98
10.79
11.13
12.28
9.78
8.93
5.23
5.12
6.29
5.75
5.99
8.41
10.84
5.83
13.31
9.88
7.09
7.25
8.27
6.02
5.36
6.13
8.30
10.21
12.39
13.19
12.87
12.89
12.15
11.91
8.20
13.71
9.69
7.24
1.84
5.73
7.40
4.55
9.39
9.98
6.02
6.90
8.04
8.67
3.69
5.68
8.79
12.73
14.75
12.37
7.18
2.93
6.89
9.32
9.72
9.41
10.65
10.76
11.00
9.94
10.49
9.39
8.63
10.17
9.83
8.04
6.16
4.86
5.60
8.60
8.71
7.90
6.48
6.90
7.17
5.68
8.04
5.93
4.21
0.23
-2.21
-2.33
-1.24
-1.43
-0.11
0.05
2.85
5.87
-0.59
-3.54
2.57
0.90
2.67
4.27
8.93
8.13
5.29
3.50
-1.04
2.41
3.14
4.97
6.13
6.94
6.22
4.70
7.60
5.94
4.38
4.78
3.75
2.04
3.20
4.49
1.82
1.04
3.22
2.91
-0.83
-6.12
-6.25
-2.56
-3.27
2.30
2.26
3.82
4.22
1.41
6.53
6.31
-1.42
-1.00
-1.12
-1.95
-0.10
0.82
-0.63
-0.82
-1.98
-1.24
-1.43
0.04
1.10
1.41
-1.41
-0.95
-10.07
-5.07
-7.23
-6.50
2.29
2.75
-1.72
-7.77
-2.02
-0.89
-5.16
-10.30
-12.87
-3.62
-2.06
-1.32
2.16
-3.64
-4.51
0.92
-0.93
0.86
-1.17
0.65
0.81
2.97
5.85
0.51
-3.80
1.28
3.19
2.86
2.46
2.03
-5.76
-5.07
-1.72
6.08
6.08
-5.36
-9.99
0.54
3.99
1.37
2.14
-0.15
1.81
1.78
2.28
1.81
-2.57
-3.54
-0.08
-9.53
-10.78
-9.21
-5.27
-8.54
-11.47
-13.74
-13.02
-13.10
-12.81
-10.59
-5.60
-7.27
-4.64
-5.50
-2.09
-2.87
-0.35
-1.84
-2.58
-3.12
-1.93
-4.02
-1.23
-1.05
-5.89
-5.07
-9.52
-7.45
-1.30
-0.13
0.18
3.34
3.07
6.89
5.09
4.18
3.65
6.23
2.03
1.54
-3.11
-3.51
-0.30
0.74
1.55
5.50
2.13
-3.87
-0.62
-1.05
-3.65
-8.91
-6.01
-6.52
-5.64
-2.42
-4.15
-4.31
-5.78
-7.26
-6.44
-6.01
-3.04
-1.94
-0.10
2.49
4.48
4.54
-6.72
-10.35
-7.07
-1.40
3.90
4.25
3.34
0.49
3.66
4.79
4.17
2.03
-0.23
-0.62
-0.25
-1.74
-0.49
1.60
2.26
0.28
-2.36
-1.28
0.17
3.92
5.89
2.14
-0.79
-1.27
-0.68
-1.41
2.37
3.17
3.40
3.31
1.63
1.64
0.74
0.43
3.91
4.43
-1.51
-1.38
-3.23
-2.71
-3.31
-1.00
2.49
1.40
3.94
7.30
8.18
6.42
9.28
10.17
12.28
11.27
12.81
12.94
12.24
10.81
8.52
8.44
5.17
5.42
3.07
1.62
3.73
1.44
5.06
4.14
4.99
6.05
8.67
7.65
7.49
7.78
6.34
4.81
8.00
7.85
4.26
10.92
10.54
9.70
9.72
10.93
9.39
10.17
13.24
12.32
12.64
12.44
12.56
11.15
14.08
15.38
13.41
14.29
15.70
16.14
17.49
17.66
17.51
15.31
16.20
19.55
18.58
18.44
15.71
19.75
22.76
14.04
7.92
1.96
4.90
5.95
4.39
6.48
14.33
14.89
10.19
8.37
7.49
8.03
12.06
11.71
9.69
10.59
13.73
10.83
10.13
9.42
10.03
9.05
8.00
8.65
10.11
10.59
10.06
8.31
9.56
10.70
9.50
8.36
6.57
9.45
10.15
8.79
6.64
11.46
11.46
11.74
1.96
-1.25
4.80
9.19
9.91
5.39
-0.92
8.65
12.26
8.56
8.97
10.24
13.75
14.63
13.00
15.57
14.05
13.03
8.22
6.47
6.73
7.17
10.91
11.69
10.73
5.01
7.82
4.56
7.18
10.45
3.69
4.57
7.40
4.47
2.24
2.95
-2.34
6.92
11.30
8.92
5.96
1.94
6.05
5.49
4.71
7.23
7.69
4.29
2.28
2.86
4.45
7.88
10.73
3.75
3.13
3.07
3.25
3.90
4.84
6.82
6.14
5.45
5.23
4.29
-2.46
-0.19
1.04
1.03
2.49
5.10
3.54
2.33
2.69
0.97
3.81
1.41
2.38
2.74
-4.12
-1.71
0.09
-3.12
0.57
3.77
0.59
1.87
-2.16
-8.81
-3.62
-0.35
-5.41
-5.30
-4.98
-4.54
-3.25
-2.74
-3.62
-3.70
-2.60
-1.73
-1.66
-1.57
-0.90
1.43
7.06
6.83
2.94
3.81
8.80
6.43
6.04
5.35
3.80
2.09
2.00
-11.07
-8.91
-5.12
-2.55
-5.82
-12.21
-9.23
0.16
-0.99
-2.85
-0.32
-5.11
-2.76
-2.30
-8.33
-6.10
-4.52
-2.05
-3.79
-4.81
-9.42
-9.04
-3.90
-4.47
-7.67
-5.89
-7.26
-7.23
-4.94
-4.20
-2.36
-0.14
2.21
-5.11
-4.14
-5.26
-11.83
-6.85
-6.17
-4.01
-5.29
-7.99
-8.36
-8.42
-6.34
-5.93
-9.80
-9.54
-6.50
-8.69
-6.72
-6.73
-4.53
-6.01
-6.82
-7.62
-4.94
-2.40
-4.82
-11.79
-5.56
-1.43
2.02
0.80
-3.99
-12.31
-9.48
-4.66
-6.32
-6.04
-2.31
-2.96
-3.63
-4.20
-5.66
-5.54
-4.18
-4.61
-3.62
-4.08
-2.27
-4.06
-5.91
-2.56
0.57
-4.17
-7.03
-2.46
-1.56
-3.69
-10.72
-7.21
-7.37
-6.69
-4.96
-4.81
-4.10
-2.38
-4.73
-3.40
-0.85
3.96
4.61
-1.92
-6.64
-2.14
3.55
4.60
5.20
5.99
6.89
7.62
3.57
4.61
5.76
3.03
-1.93
-3.15
1.96
4.52
2.38
2.08
2.39
5.16
2.10
2.19
2.73
-1.14
-4.12
-3.30
-2.55
-1.40
1.10
-0.04
1.03
2.78
2.18
-0.86
-1.51
1.76
-1.12
0.88
-0.47
1.43
-1.67
-3.55
-3.96
0.33
3.66
6.40
7.70
6.72
-0.83
-0.71
0.45
-0.37
2.53
5.17
7.19
5.94
6.28
8.89
10.03
7.62
9.33
8.12
9.32
11.47
13.46
8.84
7.14
5.24
3.86
7.94
7.88
10.48
6.47
4.48
7.24
12.21
5.80
3.23
2.75
7.64
10.46
12.22
11.67
15.33
16.25
18.46
11.79
9.69
10.23
6.84
3.19
4.36
9.49
9.87
12.08
13.30
12.38
14.44
12.51
12.36
5.48
5.95
8.40
13.83
14.65
13.91
6.31
12.23
14.92
10.30
6.86
5.81
8.74
4.84
5.47
8.47
6.52
7.50
7.82
6.25
8.51
8.52
8.92
10.52
11.36
12.06
12.54
11.32
10.92
6.48
5.38
6.37
8.68
9.40
9.94
10.47
11.48
12.48
15.72
12.49
14.23
6.85
-1.22
-1.23
1.42
3.55
3.76
5.93
10.62
12.97
9.05
2.23
2.19
4.21
2.21
5.08
10.03
6.66
1.76
4.96
-2.00
0.36
1.51
7.37
5.98
8.10
6.35
6.20
1.40
-0.02
1.54
-0.23
-0.70
-1.31
6.48
7.52
8.54
6.28
7.22
8.56
10.69
10.09
11.83
8.11
5.58
3.43
3.51
-0.78
5.88
4.77
5.10
6.60
2.80
0.74
6.10
9.09
8.37
9.50
8.81
7.75
-0.02
1.30
1.65
1.82
2.95
6.09
6.40
7.41
6.36
3.78
2.45
0.81
-0.97
-1.42
-6.69
-5.06
-3.04
-3.55
-1.81
1.85
3.52
3.42
3.63
-0.61
1.90
5.56
6.24
5.07
0.91
-1.91
0.73
0.93
0.50
2.26
2.33
1.09
-2.98
3.77
5.67
5.29
3.66
-3.11
-1.32
-2.05
-2.10
-1.94
-6.79
-1.01
0.90
-1.88
0.89
1.24
-9.16
-7.62
-8.97
-8.28
-6.02
-5.63
-6.39
-7.33
-13.23
-16.45
-15.80
-20.91
-18.83
-18.05
-18.94
-16.70
-15.93
-13.80
-13.42
-11.88
-12.42
-11.81
-7.80
-5.67
-4.09
-5.64
-5.42
-1.00
-0.27
-0.31
-6.99
-3.05
-3.65
-5.86
-4.37
-2.12
3.13
4.03
-0.03
2.33
4.18
6.20
2.65
-2.38
1.76
0.49
0.01
-3.88
-6.22
-6.38
-5.91
-4.71
-2.01
-1.73
-3.66
-5.34
-8.43
-1.79
-2.19
-5.04
-0.75
4.67
3.25
2.71
-3.06
-3.09
-1.47
-6.01
-0.31
-2.47
-4.81
-4.25
-3.09
-0.20
-1.48
-1.79
-5.84
-6.15
-2.29
-4.09
-9.30
-10.48
-13.38
-12.27
-10.33
-7.57
-4.39
-4.94
-6.60
-6.02
-1.74
-2.90
-4.25
-9.25
-1.44
1.59
1.46
7.04
2.66
7.55
6.00
4.07
-2.37
3.46
-0.21
1.66
-4.19
-2.25
-8.02
-1.46
-6.38
-6.56
-0.68
3.04
1.57
5.73
6.11
5.06
4.04
5.19
1.97
6.09
-0.20
-1.02
-6.53
-4.98
-1.57
1.11
-0.07
-2.72
-1.41
0.79
1.14
-0.31
-0.79
-0.69
-0.59
3.36
2.23
2.22
2.59
4.89
4.89
6.17
3.56
5.56
3.13
1.59
1.20
3.45
6.53
9.80
10.92
10.16
4.58
5.13
9.27
10.15
10.37
9.95
11.47
11.16
11.74
10.73
5.65
0.96
-0.53
0.85
3.24
7.65
6.34
8.27
3.28
4.67
3.74
6.26
5.42
0.85
8.97
4.53
3.33
2.52
5.71
10.70
4.59
7.20
8.95
11.22
10.66
12.07
17.76
16.17
6.61
9.00
11.95
12.75
12.50
9.35
11.14
11.95
14.54
18.34
14.01
11.01
12.47
12.79
11.79
9.32
8.18
13.33
15.57
15.63
17.82
17.76
14.65
15.32
11.49
5.79
4.35
7.97
10.14
11.05
10.98
13.48
2.71
2.19
9.58
13.09
10.02
14.19
15.19
15.06
15.69
14.65
13.38
8.77
11.22
13.01
13.59
19.18
14.40
12.96
14.28
7.01
1.00
4.91
9.42
12.99
12.86
12.42
8.60
10.26
7.88
7.18
11.12
8.21
9.74
9.44
8.91
9.03
14.14
14.94
11.15
5.96
5.49
5.08
13.49
14.83
12.70
11.47
12.96
13.50
14.45
13.20
12.50
13.99
13.95
13.60
14.99
14.69
11.31
11.47
12.95
14.85
9.35
7.44
10.72
3.89
2.56
9.58
13.53
12.21
10.89
9.42
10.64
9.77
5.46
4.30
3.44
3.08
3.08
5.30
7.81
3.76
2.13
4.76
6.56
6.11
4.01
1.82
1.16
-1.48
-5.23
-1.66
0.97
4.10
-0.15
2.51
4.12
7.63
6.40
-2.28
-3.77
-5.63
-7.08
-1.33
-5.10
-2.10
-3.99
-4.87
-3.23
-3.64
-5.48
-6.62
-6.86
-5.95
-5.87
-6.44
-8.50
-3.33
1.02
4.50
6.36
7.56
6.91
6.11
-1.50
0.84
-2.13
-2.00
-4.84
-3.09
-3.18
-0.26
1.99
4.22
4.81
5.12
3.48
-0.58
0.01
3.35
3.58
1.84
-2.67
-0.09
-4.71
-5.26
-0.70
-2.63
-3.64
-4.64
-3.55
-2.68
-6.76
-8.29
-4.20
-10.16
-4.78
-4.62
-6.14
0.46
-0.64
-9.19
-4.98
-1.52
-7.08
-10.60
-10.12
-2.13
3.64
-4.05
-2.33
-6.57
-1.67
-4.51
-15.13
-11.73
-10.34
-8.55
-5.00
-6.66
-6.32
-7.14
-6.62
-4.45
-4.18
-7.20
-7.68
-11.46
-12.45
-19.87
-10.17
-7.75
-5.54
-6.92
-6.32
-5.35
-3.29
-3.13
-4.17
-5.62
-5.69
-3.16
-2.92
-1.86
-4.48
-4.55
-6.11
-0.35
-0.80
2.56
-0.94
-1.98
-0.38
5.01
-1.03
-6.09
-2.31
-1.36
-2.75
-2.05
-4.11
-1.99
1.82
0.61
-1.75
-0.33
-1.62
-3.98
-3.54
-6.29
-5.83
0.97
0.48
-5.55
-8.49
5.07
6.33
-4.24
-3.23
-1.27
-2.26
2.08
1.63
-3.74
-3.51
2.28
0.30
0.57
-1.06
-5.31
-5.32
-9.47
-9.64
-5.54
-3.83
-2.76
-5.12
-6.35
-7.98
-3.38
2.91
0.74
3.53
1.34
1.32
0.75
-3.75
-0.54
2.60
3.33
7.92
6.36
6.98
3.90
5.99
4.05
4.46
0.68
1.87
6.49
5.78
8.71
8.90
4.78
3.34
6.79
9.17
12.02
10.58
13.17
7.40
10.81
9.59
4.91
11.24
10.93
7.78
5.56
2.04
-4.11
-1.74
1.52
2.08
4.44
1.72
-1.97
-4.02
0.64
4.76
8.39
11.27
5.63
1.69
8.00
9.03
7.95
10.86
11.88
10.23
13.25
8.87
13.39
15.85
14.78
11.58
15.99
18.30
18.68
17.75
16.61
13.32
13.05
12.22
12.25
14.35
14.46
10.49
5.77
4.94
4.48
8.25
10.76
8.09
7.68
7.68
9.83
14.04
13.52
8.02
9.28
7.88
9.78
13.46
12.06
6.49
11.87
13.12
12.77
14.07
14.73
16.31
15.23
12.99
16.89
18.35
14.47
12.13
14.58
13.26
11.76
13.10
12.63
13.87
6.43
9.72
10.33
13.66
15.22
16.30
12.90
6.67
7.35
12.87
13.96
8.28
3.04
9.51
10.37
5.81
2.26
-0.54
2.90
4.44
6.85
10.67
10.91
7.35
9.45
11.52
9.87
9.73
5.37
6.71
10.19
9.22
9.75
9.81
13.31
14.50
10.15
10.74
11.52
9.46
10.50
11.65
11.61
8.91
5.43
5.51
6.76
7.76
9.15
12.36
12.53
12.92
11.77
11.07
11.66
10.58
12.21
9.55
10.01
7.46
5.41
6.86
8.34
9.91
8.55
9.13
7.96
6.75
1.07
3.19
3.89
6.80
3.07
2.40
-1.12
-6.04
0.28
6.30
2.93
6.23
3.51
4.05
-0.11
0.33
-1.77
3.36
3.31
10.03
5.59
5.12
4.71
4.65
1.17
2.86
3.02
4.94
3.99
1.13
2.41
1.14
-0.03
-2.08
0.61
-2.72
-0.72
6.12
4.16
-1.54
2.91
-2.62
2.88
4.33
5.08
3.89
3.67
5.09
2.18
0.06
2.08
-1.56
-2.37
3.25
-0.28
-2.03
-3.87
1.40
-1.78
-6.70
-0.81
-1.59
-11.19
-11.04
-13.98
-13.71
-12.75
-6.23
-4.01
-7.04
-3.19
-1.65
3.30
-1.63
1.78
-2.58
-7.68
-4.57
-3.10
-6.74
-12.66
-9.66
-5.09
-6.06
-8.95
-12.97
-6.28
-1.59
-5.45
-8.35
-5.56
-1.76
-1.43
-1.36
-1.46
-1.44
-1.39
2.97
0.95
0.16
-0.29
-2.44
-1.30
-0.65
-0.62
-1.47
0.41
-2.78
-0.28
1.97
2.88
1.07
1.79
6.76
-0.21
-1.83
-1.44
-3.04
-4.10
-5.96
-10.52
-11.87
-12.74
-8.82
-6.36
-10.09
-9.86
-1.06
-0.80
0.11
-3.01
0.74
-2.15
0.78
2.85
-8.70
-5.44
-9.41
-8.32
-4.91
-4.03
-4.65
-0.33
-5.69
-6.68
-7.07
-8.05
-5.49
-10.31
-7.39
-5.29
-6.98
-13.15
-8.21
-8.66
-2.80
-0.41
1.60
-0.80
0.99
-0.71
-8.30
-10.50
-9.30
-6.73
-3.04
-0.63
-1.41
-2.78
1.31
2.62
1.28
1.94
-3.71
-3.16
-3.88
-4.91
-2.13
0.95
6.00
5.98
7.18
5.22
2.52
-2.42
3.68
5.37
5.81
4.19
3.14
5.24
8.37
9.20
6.04
8.35
6.73
2.14
-7.30
-4.14
-0.38
-1.05
5.39
7.48
4.58
2.93
-0.87
-2.42
-2.32
-2.12
-2.53
0.93
0.90
1.73
-0.57
-3.38
-4.18
4.11
4.98
5.91
6.74
2.87
5.06
1.02
4.94
5.47
3.67
6.61
5.61
3.47
4.35
7.95
7.22
4.31
-0.01
4.44
7.77
9.64
10.23
10.31
6.30
-1.80
-0.29
0.19
1.14
0.47
1.37
4.54
6.06
7.51
10.69
6.32
7.39
12.23
14.11
15.14
13.43
12.08
13.06
14.04
14.88
12.71
10.74
8.28
8.15
11.48
13.43
13.52
14.09
15.47
10.76
9.84
8.03
6.19
4.52
5.91
4.40
7.03
9.08
11.23
8.04
5.87
5.91
6.57
11.03
6.96
5.96
9.12
9.37
12.38
8.17
3.97
7.23
4.65
8.68
7.80
9.81
11.18
10.73
16.13
15.93
15.11
17.97
17.55
10.91
13.55
17.26
15.72
15.55
11.42
9.95
4.88
5.14
5.86
9.14
14.32
13.78
17.05
11.62
9.82
10.24
8.27
7.80
7.15
12.23
8.17
7.55
10.50
10.66
14.13
16.42
17.10
16.45
17.15
16.60
16.05
15.54
13.80
14.82
13.31
9.81
5.31
7.71
7.91
5.30
6.44
4.27
2.99
4.75
5.65
7.66
7.59
8.21
5.05
2.71
2.92
5.61
5.04
2.72
-0.03
-0.73
1.12
6.69
9.03
3.82
8.36
10.04
10.35
7.99
0.67
3.08
5.61
6.67
11.07
10.67
9.46
3.82
6.03
9.60
6.23
2.98
4.26
10.12
8.56
8.31
7.37
4.42
0.12
1.56
0.85
2.04
-0.11
-6.34
0.05
2.21
2.05
5.04
4.98
1.00
-7.00
-6.02
-3.90
-1.14
-4.19
-6.47
-6.28
-7.79
-4.83
-3.81
-3.01
-3.29
-1.74
1.19
1.38
-0.26
-2.38
-2.44
-3.76
-4.31
-1.44
-1.90
-2.72
-1.09
-1.02
0.06
3.25
6.87
2.02
6.40
8.09
8.40
7.06
3.01
2.03
1.98
5.41
4.74
5.36
5.77
5.95
-2.20
1.54
-3.26
-1.55
2.17
4.31
-6.23
-4.07
-0.53
5.41
-0.78
-1.20
-0.79
-0.90
-1.35
-0.98
-2.85
-0.05
-1.18
-3.05
-5.72
-2.11
-1.81
-1.58
-0.04
-4.69
1.53
-0.71
-2.19
-8.49
-9.26
2.66
-7.01
-3.83
-5.35
-0.74
-1.97
-5.19
-5.18
-0.88
-9.43
-6.02
-6.90
-0.92
2.34
3.85
5.31
1.15
1.94
-1.20
-3.22
0.11
1.87
-2.75
-11.43
-13.97
-13.93
-9.48
-3.68
-8.74
-14.09
-11.97
-6.01
-8.58
-9.99
-7.29
-7.96
-11.34
-8.69
-5.88
-6.67
-5.05
-2.32
-1.11
1.90
-1.92
-6.04
-1.48
3.20
1.82
1.68
-1.34
-4.40
-2.42
-1.29
-4.85
-8.41
-5.53
-3.07
-3.51
-6.73
-6.70
-3.36
-2.49
0.30
1.83
0.05
2.22
-0.06
-0.32
-0.66
3.35
1.47
0.01
3.89
2.07
1.75
1.36
5.48
6.20
0.19
3.45
5.47
5.22
2.18
2.48
1.07
0.23
-1.62
1.59
0.90
5.85
3.94
2.36
1.66
4.98
10.47
11.86
7.67
5.17
3.78
4.92
4.68
6.64
7.24
6.92
7.11
3.21
3.21
1.94
0.56
2.40
5.98
6.90
7.63
8.47
6.36
3.39
0.68
0.73
2.19
0.89
1.92
7.64
11.11
4.61
-0.81
-1.77
-0.51
2.30
5.03
8.79
6.83
4.82
7.47
5.51
6.49
7.93
6.45
3.82
7.37
7.87
6.22
8.67
10.24
9.75
7.00
6.36
6.70
7.02
7.92
9.85
8.97
6.01
4.52
8.17
10.67
11.05
9.14
9.66
7.75
13.48
12.61
9.50
12.78
5.17
2.31
4.10
9.87
10.72
14.54
15.51
14.17
15.47
17.30
10.11
14.39
16.62
11.02
16.60
12.57
9.93
12.95
14.04
14.21
11.97
8.68
11.72
13.24
14.75
13.99
13.08
14.90
12.99
14.30
14.54
16.72
13.85
12.42
13.01
13.88
14.24
8.12
4.30
2.05
4.52
5.34
3.12
7.12
14.96
14.38
10.27
7.79
9.46
9.93
2.76
6.60
9.10
11.92
11.82
13.32
10.49
10.02
10.04
8.67
7.94
3.55
-1.71
-1.17
-0.51
3.17
6.36
10.51
8.55
8.04
7.50
3.63
7.10
10.01
10.87
11.48
11.59
8.34
4.15
5.96
7.39
5.28
5.59
4.52
4.63
3.17
4.24
10.91
4.71
6.52
3.04
5.10
8.81
11.00
10.85
10.71
11.59
5.16
1.65
2.39
6.96
6.76
4.13
7.28
9.06
11.09
9.80
8.85
5.27
2.58
5.26
0.77
2.08
0.53
2.47
6.79
6.02
3.96
3.49
3.09
4.14
4.45
2.47
4.11
5.40
3.43
2.96
0.07
-0.69
-4.50
-6.90
-13.73
-8.07
-3.73
1.71
0.85
1.57
2.67
1.10
1.13
-2.79
-3.24
-4.45
-0.29
-0.22
-4.14
-10.11
-5.44
-1.84
1.24
3.81
4.05
-2.03
-0.69
-3.41
-3.80
-5.17
-1.39
1.51
-7.16
2.09
3.91
3.48
1.97
2.87
1.03
0.81
3.68
3.96
3.73
4.77
4.74
0.23
-0.81
-0.31
-5.76
-1.87
1.80
5.92
7.42
2.99
0.82
-1.12
1.16
1.19
6.08
3.12
1.68
0.96
0.20
-1.94
-5.51
-4.88
-0.65
-4.04
-2.22
-0.97
1.07
0.86
4.93
5.39
5.19
2.27
1.91
-0.14
-2.25
-1.85
0.36
1.41
1.68
0.43
0.31
6.00
2.36
-1.58
-4.84
-0.81
1.09
-0.05
1.64
1.91
6.64
4.78
1.21
2.38
1.67
-1.45
-7.52
-6.90
-5.38
-5.85
-0.25
-1.42
3.20
6.05
6.59
4.62
-4.67
6.03
8.01
9.31
10.14
3.31
2.25
2.53
5.76
2.57
-0.93
5.76
5.88
-2.36
0.64
-0.92
1.74
4.34
7.02
8.09
9.69
7.34
8.69
7.21
0.15
4.14
2.06
2.90
-1.13
-2.34
0.67
2.94
4.00
2.64
7.14
5.77
-1.00
-5.26
-0.98
-0.47
-4.21
-2.53
-3.23
-0.30
-3.14
-4.91
1.98
2.39
4.46
0.48
-4.24
-7.53
-5.86
-3.34
2.24
4.97
6.79
8.40
9.55
7.62
6.56
6.30
7.04
3.92
2.84
1.19
2.42
-0.90
3.07
6.42
7.42
6.24
7.38
8.01
8.91
9.04
9.38
9.35
6.38
7.76
7.55
5.34
5.68
6.60
5.78
2.41
0.94
-1.52
0.68
-1.12
-0.57
-1.09
3.37
6.17
6.56
11.43
12.25
10.01
10.67
8.51
7.39
7.11
9.81
9.06
11.43
12.50
6.95
5.51
10.29
13.79
9.95
11.91
4.60
7.11
7.94
8.43
5.32
4.12
7.59
13.71
18.30
14.28
10.05
10.45
7.80
9.85
10.87
11.63
9.17
10.61
12.20
10.76
10.03
12.25
16.06
17.81
18.43
17.88
17.37
11.87
12.41
11.81
12.25
14.30
14.50
7.51
1.29
4.76
11.36
14.51
12.95
11.41
14.70
9.14
10.31
11.00
11.35
12.27
14.11
12.17
18.63
19.79
12.50
10.90
13.04
15.75
14.31
12.06
11.61
12.36
12.63
10.28
8.08
2.34
6.02
8.33
7.73
8.25
3.56
1.81
2.26
4.87
7.18
8.66
6.24
4.35
8.03
4.02
5.09
3.84
3.41
5.52
12.50
11.71
12.20
9.46
11.76
11.69
10.03
4.75
7.82
6.60
3.62
4.33
0.89
3.73
5.67
10.46
10.20
8.44
8.26
9.59
5.86
2.23
-1.83
-4.41
-3.48
1.86
2.55
4.01
1.67
2.29
6.26
11.44
9.19
6.55
3.43
9.66
12.27
12.74
12.15
11.80
11.64
10.72
7.08
2.83
5.27
7.51
8.88
4.50
4.54
-3.70
-3.70
-8.62
-3.34
5.22
-3.37
0.42
4.51
3.88
3.41
3.97
4.87
4.07
1.22
0.01
2.34
3.64
0.97
-0.76
-2.58
-3.03
-4.34
-2.79
1.00
5.72
2.51
-1.86
2.21
1.59
0.94
-2.03
0.77
-1.51
2.17
0.01
-1.27
-1.15
-3.59
-1.77
-0.53
2.72
2.94
9.34
1.59
2.67
-0.38
3.59
4.12
3.97
-3.11
0.65
4.00
3.67
0.20
-1.07
0.39
-3.26
-4.04
-2.83
-3.58
-1.72
-4.35
-2.79
-4.12
-5.96
-4.70
-1.39
-2.27
-1.82
-1.92
-4.11
-3.58
-0.00
2.13
0.54
-3.69
0.55
-1.50
3.94
1.94
2.73
-2.18
-1.14
-2.13
-2.74
-1.89
-1.64
-3.33
2.81
-3.16
-3.25
3.20
4.42
6.86
8.43
2.22
3.25
-4.00
-1.00
-6.23
-7.66
-2.98
-1.44
0.07
-2.70
0.77
3.84
3.24
7.01
4.92
5.88
4.12
4.21
5.10
-1.33
-2.21
-2.22
-2.70
-11.34
-9.12
-1.70
7.39
1.27
4.74
2.62
-0.19
6.08
9.90
3.80
5.05
0.61
4.11
4.03
1.58
1.23
-0.89
1.68
6.61
6.26
1.35
4.14
-3.90
-9.29
-9.05
-7.61
-3.26
2.19
2.60
4.70
1.03
-0.99
-4.40
-1.84
-0.19
-0.63
-0.78
-0.70
-4.73
-2.50
-4.05
-0.29
-2.13
-3.40
-5.69
-4.76
-8.06
-5.67
-5.23
-2.46
-1.22
-3.55
-2.56
-0.38
-1.33
-0.78
3.17
5.11
5.55
7.51
6.82
8.24
6.73
5.72
4.93
4.28
4.64
4.79
6.21
3.82
4.17
5.62
5.49
6.74
7.40
8.92
6.12
4.98
7.50
4.24
5.71
7.02
4.61
4.05
5.75
2.98
2.41
1.95
1.09
8.16
8.60
5.79
6.86
4.36
5.32
2.44
5.09
2.92
-0.70
-0.94
6.52
2.23
2.58
5.56
3.94
7.80
9.10
5.53
10.28
7.93
6.53
4.50
6.42
9.42
12.65
13.70
10.73
10.67
12.06
13.20
9.10
6.58
3.40
6.00
7.27
2.84
7.70
11.09
11.84
8.02
8.39
11.95
13.23
14.17
13.18
13.51
12.51
10.29
10.44
15.99
18.30
16.24
15.30
10.95
11.79
13.43
15.66
17.58
11.35
12.56
14.11
14.23
16.01
17.08
17.32
15.53
11.09
5.42
7.26
11.44
12.18
13.42
14.49
14.21
10.16
9.21
12.08
5.59
10.46
13.62
14.23
10.17
10.63
14.68
15.66
9.63
8.72
9.65
12.26
12.08
11.20
7.36
7.17
9.00
9.39
8.74
6.21
9.03
4.56
6.26
8.49
9.60
5.41
8.41
9.77
10.04
7.74
9.39
7.18
6.96
10.71
7.09
5.00
7.85
7.13
3.39
4.81
6.25
4.51
10.76
12.26
10.33
6.52
9.71
9.13
6.42
8.14
11.28
5.89
9.10
11.83
13.32
12.59
10.06
10.42
10.35
10.38
6.25
7.93
3.23
4.98
2.73
7.44
9.08
6.07
3.02
2.04
1.43
-2.63
0.28
4.46
3.90
3.22
-2.54
-4.52
-5.39
-8.23
-7.59
-4.31
-0.17
5.09
3.25
1.24
0.53
2.02
3.64
2.51
-1.61
7.53
6.67
3.63
0.05
0.09
-1.03
-0.65
-5.98
-4.84
-3.29
-6.35
-5.17
-6.88
-5.71
-6.75
-6.21
-0.20
0.70
-0.34
-2.45
-3.44
-1.91
-3.57
-3.96
-7.37
-7.28
-7.12
-10.11
-2.96
-5.25
-4.78
-4.25
-9.41
-9.13
-6.69
-5.64
-0.96
1.94
-1.48
-4.06
-2.37
-1.96
-2.38
2.34
2.23
-0.05
-3.72
2.21
1.86
0.06
-3.62
-3.42
-2.31
-2.85
-0.50
4.31
2.03
-3.09
-6.87
-2.32
0.65
-3.08
-4.75
-2.51
-3.88
-2.58
-1.86
-5.86
-2.26
0.17
-1.29
0.67
2.41
-1.29
-1.32
0.13
-3.09
-6.44
-7.05
-7.26
-8.70
-9.01
-17.59
-8.61
-8.57
-7.21
-7.80
-14.65
-16.31
-13.20
-14.01
-5.63
-4.09
0.14
-1.13
1.94
-2.25
0.57
-4.21
4.22
6.17
5.79
7.00
2.71
-3.06
-0.36
-1.58
-0.25
4.65
4.56
2.67
3.42
2.56
-1.03
0.54
-0.72
1.79
1.58
1.34
0.49
3.98
-1.50
-2.15
3.01
5.71
4.76
-0.64
1.06
5.02
5.85
-0.76
-0.15
-1.80
-4.66
0.30
3.04
3.03
4.74
1.68
-1.90
-5.11
-3.22
-0.65
0.16
2.87
4.39
5.46
4.55
-0.22
0.54
3.82
4.33
-3.56
-9.66
-8.27
-8.47
-8.24
-6.71
-8.98
-4.72
-1.43
-0.24
-1.58
-3.12
-1.31
0.31
-0.35
-1.63
-2.00
-6.94
-4.52
-4.59
-3.01
0.14
3.07
0.99
-0.77
-0.40
0.84
3.94
1.09
-5.58
-2.17
-1.15
-0.58
5.32
8.68
10.85
7.46
2.81
3.79
4.88
8.19
7.60
7.99
7.64
7.34
7.34
6.24
4.20
0.47
4.99
2.45
3.46
2.34
9.32
6.54
7.09
11.94
10.70
8.65
12.94
7.89
3.80
-0.27
2.00
4.29
10.61
10.98
13.44
13.49
13.71
11.63
8.18
0.26
2.84
8.26
12.73
13.33
14.16
14.85
16.79
17.48
16.22
12.80
12.03
14.61
17.26
16.00
13.80
8.16
12.95
15.19
9.23
12.53
14.67
15.55
13.32
13.92
13.35
10.21
5.27
3.57
7.06
10.83
13.67
13.63
6.68
7.21
9.06
10.36
12.38
14.51
16.19
19.03
12.15
12.48
15.07
14.57
14.18
14.07
14.16
12.68
12.38
11.86
10.55
11.41
12.97
14.18
16.36
13.54
13.16
15.06
14.53
14.68
13.91
12.89
13.43
15.55
8.70
8.83
11.29
11.93
11.67
11.59
11.67
13.24
11.11
13.10
9.62
8.64
7.73
9.18
9.29
11.40
11.49
15.93
15.57
12.33
11.83
11.92
7.78
12.88
11.72
6.66
-0.02
4.58
5.40
3.12
4.87
7.82
11.94
12.02
9.66
4.72
1.83
6.02
7.49
11.90
11.75
4.47
1.48
1.36
3.10
2.07
4.84
1.27
-5.16
-3.79
-3.68
-1.54
5.42
3.01
7.26
6.20
4.92
1.47
1.69
1.30
1.10
5.84
5.08
3.40
2.07
-4.64
-7.21
3.34
3.88
-0.35
-5.69
0.39
2.22
0.36
-4.96
-2.44
-4.36
-4.90
-0.23
-3.23
-3.70
-4.07
-0.12
-0.89
-0.90
2.69
7.16
6.17
6.06
6.64
1.37
5.77
3.49
2.55
0.27
2.45
-3.90
-1.20
0.51
-1.18
-5.23
-7.29
-4.35
-1.41
-1.50
0.39
-3.58
-1.35
-2.18
-0.48
-1.34
-3.28
4.19
11.48
-3.60
-3.76
-1.09
-2.38
1.24
0.54
-0.48
-0.28
1.10
4.28
2.65
-1.09
0.61
5.32
2.43
2.92
0.29
-6.25
-4.72
-1.69
-1.74
2.13
3.66
8.42
4.83
3.70
0.35
-6.50
-7.97
-6.56
-3.52
-1.37
-0.42
-3.01
-1.39
2.13
0.52
5.52
2.20
1.27
-1.96
-1.91
-5.64
-0.03
5.58
3.36
3.39
0.14
-4.99
-0.72
3.05
0.87
-5.46
0.47
-1.95
-12.55
-12.57
-3.11
-4.25
-4.56
-1.44
1.09
8.51
0.80
-0.07
2.23
-0.10
0.23
-0.95
-2.93
2.07
6.97
3.84
3.35
5.13
3.39
-0.31
-0.28
-4.63
-4.42
-2.62
-2.37
-2.71
-2.54
0.28
-0.15
0.83
1.74
1.26
-2.24
-3.39
-10.57
-9.24
-6.94
-6.67
-8.72
-5.75
-4.15
-3.91
-7.00
-4.83
1.35
0.01
-1.45
-3.21
-1.46
0.09
0.70
2.18
1.57
-0.65
-3.43
1.48
1.55
-9.55
-9.32
0.02
-0.48
2.77
5.01
3.57
1.76
6.70
7.74
7.03
3.33
5.60
-6.16
-5.09
2.95
0.09
2.41
4.59
3.26
2.92
4.98
4.34
5.38
6.22
4.02
7.83
12.61
12.06
10.29
10.90
9.51
9.89
9.66
1.35
1.72
2.67
5.21
6.49
6.48
8.16
7.79
8.56
5.59
7.48
7.52
8.58
6.94
5.07
3.89
1.19
0.87
2.78
1.09
4.99
5.90
3.98
3.07
6.20
10.50
12.50
10.80
9.68
7.60
3.22
1.75
3.42
9.33
8.42
6.42
3.93
6.72
8.22
9.80
10.12
10.75
5.75
6.48
11.24
7.45
3.65
5.32
5.54
6.93
8.02
6.82
3.45
6.25
8.89
13.87
12.55
13.20
13.91
13.39
17.07
14.69
16.18
9.02
14.54
13.44
14.30
15.41
15.20
16.67
15.68
16.18
17.60
15.38
14.38
15.64
11.33
17.13
16.11
17.10
17.92
16.84
9.38
8.05
10.03
8.84
8.11
10.18
12.77
15.73
17.90
17.62
16.46
14.25
12.38
9.59
13.70
16.25
16.56
15.87
17.85
12.74
8.40
10.10
0.38
10.67
7.24
3.41
0.04
9.62
10.08
8.41
7.26
8.16
9.05
11.93
9.79
7.45
12.14
13.12
14.89
13.34
9.55
10.21
11.57
9.49
3.39
5.45
8.51
12.63
11.34
5.16
1.82
4.65
4.86
2.70
1.23
3.45
3.42
2.96
2.25
6.43
7.42
3.68
3.49
4.28
5.97
3.66
0.24
-1.56
0.05
-7.05
0.22
0.71
-2.01
-5.41
-3.13
-5.36
0.72
-2.21
2.06
2.26
-1.63
1.91
0.86
3.04
4.97
1.40
3.96
9.56
10.76
9.37
6.49
7.07
4.62
1.29
-5.10
-5.04
1.98
4.36
-2.24
-5.04
-4.05
0.79
-0.54
1.21
2.25
10.07
5.70
6.01
3.89
3.89
3.45
3.04
6.33
0.40
0.34
-0.25
-2.19
-2.41
-1.54
0.64
-5.24
-2.05
0.19
-0.67
-0.09
-1.46
4.13
5.14
-0.91
-0.97
0.34
1.00
3.94
2.34
1.16
-0.69
-0.59
1.04
-1.07
2.08
2.54
2.97
-0.43
-1.65
-3.65
-3.98
-10.31
-5.02
0.78
4.05
2.84
-2.18
-0.15
1.24
1.71
3.06
2.83
0.80
5.31
5.32
6.93
2.28
-0.50
2.74
4.94
4.49
2.68
3.67
-2.23
-5.83
-3.34
-3.05
-1.27
-0.68
-1.14
0.84
3.68
3.98
1.74
1.42
0.35
6.13
3.54
1.12
1.36
1.31
0.68
-0.59
-1.48
-0.58
-3.98
-1.90
1.24
0.83
-6.74
-5.02
-14.77
-17.37
-8.35
-7.65
-8.70
-8.87
-6.93
-3.50
-3.40
-7.28
-7.86
-7.22
-3.87
-0.33
-1.30
-3.82
-2.49
-2.46
-1.79
-1.49
-0.24
-0.56
-0.26
5.37
8.35
5.29
5.85
2.85
-0.10
-0.74
-2.93
-10.00
-11.45
-8.75
-8.13
-6.86
-0.82
3.14
1.13
-6.14
-6.75
-5.43
-2.23
-0.09
-0.19
0.64
3.81
0.99
-2.66
-3.21
-4.35
-1.66
0.65
-2.01
-1.74
1.49
4.68
5.77
5.49
4.50
5.82
3.02
2.60
3.87
6.43
3.53
2.23
1.37
1.91
0.27
3.03
4.30
4.04
3.47
3.69
5.33
4.80
7.11
4.88
0.76
1.87
1.72
1.96
5.91
8.17
9.22
6.61
5.61
0.84
7.34
9.80
9.45
13.07
12.41
9.73
1.03
8.81
8.20
6.06
12.05
4.87
1.88
8.30
10.16
11.87
11.77
14.08
14.63
8.81
6.46
-1.09
-0.09
2.55
4.23
9.95
6.01
13.22
14.34
10.60
11.26
9.61
6.46
6.30
9.28
10.12
11.20
13.22
14.17
7.53
9.01
8.15
10.44
15.53
18.67
7.86
8.80
10.85
12.22
7.15
-0.90
-1.41
2.50
6.89
10.65
13.42
13.81
13.19
8.10
2.83
1.91
3.49
9.91
14.88
9.60
6.67
11.01
14.41
16.40
16.95
8.58
13.77
13.47
14.42
15.27
14.87
12.18
15.14
12.30
9.40
6.51
11.77
14.83
14.18
15.04
13.02
14.82
14.99
15.74
13.73
15.20
17.91
18.43
12.09
10.24
10.04
11.47
8.34
2.41
5.14
7.68
6.66
8.26
8.21
6.77
2.38
5.47
9.26
8.40
8.09
10.64
3.15
4.22
9.36
6.96
0.45
3.28
2.93
4.63
10.39
11.13
14.71
13.48
10.57
8.39
8.22
2.83
-1.74
1.90
-3.10
1.79
5.10
4.23
3.03
-2.29
5.71
6.94
4.15
2.88
2.52
1.86
6.88
9.18
9.57
8.42
6.48
-0.57
3.94
4.91
4.93
4.64
4.18
-2.21
-2.58
0.99
-1.22
0.24
1.83
3.92
7.45
6.98
4.94
2.57
5.80
3.98
5.63
4.07
5.22
3.01
-0.37
-2.07
-4.26
-0.45
0.05
-4.90
-1.34
2.20
-8.66
-3.34
-2.45
-6.19
-9.01
-12.41
-10.10
-7.11
-3.65
-1.37
0.95
2.49
1.42
1.63
-2.29
0.72
-4.67
2.18
7.32
7.05
1.53
1.04
-3.54
0.60
-0.62
0.64
-1.53
-1.83
2.97
-3.95
-5.69
-7.41
-3.95
1.23
3.44
3.48
2.53
-6.19
-6.83
-6.72
-9.95
-12.31
-11.28
-7.12
-2.41
-1.63
-0.36
-4.15
-2.74
0.23
-2.16
-4.38
-2.28
-2.84
-2.43
-2.94
-0.28
-4.82
1.77
0.37
-1.54
-2.78
-8.79
-11.07
-7.21
-4.60
-6.98
-3.19
2.95
2.10
-1.87
-1.06
-3.71
-2.58
-2.15
-3.13
1.74
-1.64
0.31
0.61
0.90
-2.06
-2.60
-6.37
-4.52
-8.33
-6.74
-6.22
-7.07
-8.75
-12.65
-9.52
-6.10
-6.93
-5.81
-4.34
-6.57
-5.33
-4.57
-3.39
-1.26
-4.62
4.19
8.01
6.24
-0.37
-2.00
0.83
-1.64
3.36
5.14
0.43
0.13
3.48
8.38
3.98
5.38
0.44
-2.20
4.16
2.49
-3.45
-7.16
-4.05
-0.40
-2.40
-1.61
1.60
5.02
5.36
5.75
2.66
1.49
1.66
3.57
6.59
2.64
3.07
-9.86
-9.87
-1.35
-10.05
-9.11
-3.86
-8.81
-6.42
-8.44
-8.52
-6.13
-5.82
-5.19
-4.36
-0.72
0.86
-0.62
0.96
-0.53
-1.34
2.30
1.75
2.57
0.23
-0.07
2.48
5.45
7.38
7.50
7.05
6.18
7.85
4.35
-2.12
4.25
6.85
3.92
-0.38
3.83
7.10
2.25
6.07
6.41
6.62
8.01
6.07
0.88
1.79
1.00
5.75
9.43
8.56
7.25
7.97
4.65
3.88
6.86
5.10
7.89
10.87
15.17
15.54
6.17
1.43
-1.23
6.66
10.46
11.01
3.17
0.09
-1.79
4.20
7.72
6.53
9.35
9.73
10.59
13.11
9.24
5.66
9.21
12.93
15.20
16.70
14.55
11.28
11.12
14.20
13.74
15.71
15.95
18.39
19.39
19.73
14.03
13.44
7.29
9.36
9.70
13.73
15.64
15.60
13.93
15.57
14.31
17.31
19.05
14.42
7.58
8.39
12.39
15.73
13.28
12.69
14.08
13.85
16.40
13.56
16.78
14.42
13.72
8.64
13.55
15.60
17.27
17.98
17.32
16.10
15.26
18.59
14.60
7.92
9.12
9.55
9.78
12.57
14.83
9.76
7.09
11.39
14.08
16.55
16.09
15.44
9.65
4.99
9.49
14.66
13.44
11.66
12.25
11.93
9.09
4.05
8.31
9.52
10.36
13.22
13.39
7.68
5.73
6.82
8.94
10.60
8.62
6.92
-1.42
0.08
-3.90
-2.55
0.20
2.38
4.26
9.56
11.74
11.85
11.49
9.19
6.69
7.73
9.59
10.35
8.82
8.06
2.95
0.12
1.24
4.40
3.08
3.94
7.16
9.45
6.95
9.36
12.40
9.33
9.16
8.60
8.18
7.65
4.48
4.83
5.97
7.53
0.90
-1.78
-0.65
-2.31
2.93
-0.39
-0.25
4.63
8.78
4.75
4.49
7.56
6.32
5.95
1.38
3.53
1.79
3.00
-2.48
-2.70
4.19
1.29
6.86
5.16
0.80
-1.49
0.94
4.96
7.40
7.30
6.93
6.79
7.45
6.72
3.74
2.98
4.54
2.26
1.25
0.96
0.25
1.85
4.80
5.26
-1.00
1.39
-1.31
1.10
2.99
9.63
8.72
7.36
2.26
-0.02
-1.77
2.71
1.01
-6.02
-8.84
-11.89
-11.76
-4.94
-4.98
-6.08
-5.08
-3.40
1.15
4.78
-2.18
-5.75
-6.75
-14.80
-14.25
-12.53
-9.03
-6.69
-7.58
-7.97
-4.06
-4.63
-5.85
-14.40
-8.90
-1.89
2.18
1.52
1.84
1.20
-0.58
1.56
-5.41
-1.52
-1.19
-3.91
-1.33
0.60
-2.94
-2.89
-4.18
-3.59
1.09
4.87
2.77
0.07
1.06
2.56
0.62
3.13
-0.28
-3.58
-1.08
-2.58
1.27
3.48
0.14
1.47
-0.37
-0.69
-3.59
-1.35
4.59
4.63
-1.71
-5.04
-3.89
-3.36
-6.36
-7.81
3.16
3.39
-6.70
-4.50
-11.58
-4.39
-6.15
-6.91
-6.94
-3.85
4.23
3.89
5.84
0.77
-6.29
-5.17
-9.34
-2.78
-1.75
-1.29
-7.72
-11.60
-2.88
0.61
2.68
1.19
-4.18
-4.87
-8.97
-6.06
-12.97
-4.98
0.03
6.72
6.38
4.02
3.90
2.52
3.23
1.30
-1.25
-1.84
-0.17
2.05
-1.77
-2.13
-3.81
-6.46
-2.21
1.14
0.51
-1.67
3.25
1.52
3.34
1.86
0.24
-1.67
-1.25
2.05
2.56
-1.22
3.30
4.40
5.53
6.44
8.26
7.56
7.73
5.76
5.49
4.03
3.32
2.08
-2.38
-3.14
2.75
2.40
1.20
1.53
-1.38
0.55
0.89
4.26
7.07
8.66
10.08
4.62
5.80
9.99
8.63
4.62
2.98
1.36
4.58
3.38
2.75
1.65
2.37
5.08
5.87
4.50
3.07
-0.30
2.39
0.76
0.99
4.47
4.90
7.51
9.97
14.90
12.52
13.07
10.90
3.59
2.20
9.91
14.19
16.07
12.05
11.83
15.31
13.82
13.86
9.16
8.46
5.93
10.10
11.63
14.59
16.31
16.52
13.18
13.08
14.01
12.05
9.80
9.90
12.41
13.82
17.40
18.14
17.57
19.27
13.93
17.17
18.13
19.37
13.71
13.28
14.89
13.68
10.55
14.23
15.41
16.21
15.74
16.23
14.27
10.83
8.65
10.27
15.72
12.30
10.78
9.54
9.45
12.26
12.53
10.25
10.56
11.63
9.67
11.33
11.74
10.20
7.30
7.41
8.74
8.38
4.44
1.50
1.38
2.19
5.65
6.87
5.01
2.87
5.45
7.74
7.62
3.47
4.64
10.28
7.44
7.23
4.28
2.79
3.80
4.04
7.65
8.37
6.40
2.33
2.77
3.25
7.69
2.35
2.41
5.71
8.89
4.38
0.57
3.51
8.23
12.37
8.44
8.60
7.79
7.30
9.73
13.73
14.19
11.21
10.87
11.41
9.43
10.37
8.64
9.67
11.96
10.49
11.59
10.08
11.38
6.75
7.52
9.80
6.44
9.45
7.56
8.52
4.55
3.24
6.07
7.54
-1.10
-1.16
-6.29
-3.21
2.48
3.66
0.87
4.35
4.17
7.58
5.74
1.14
1.33
2.70
2.22
0.02
-6.93
-6.07
2.94
5.19
4.49
4.36
2.24
1.18
1.54
0.14
-3.83
1.17
0.89
-2.15
-2.96
-2.51
-6.09
-9.75
-10.16
-3.79
-0.85
0.82
1.66
0.74
1.18
-11.37
-8.24
0.61
1.81
1.36
-2.45
-0.67
0.28
3.41
5.87
0.98
-0.86
-0.31
0.28
-9.54
-5.04
-3.73
-0.45
-0.43
-0.78
-1.85
-3.23
4.62
1.29
1.10
1.06
5.25
6.07
1.92
2.10
2.49
0.84
1.47
-1.02
2.33
1.83
1.25
-0.06
-0.84
-0.91
-0.79
0.41
-0.73
-2.36
-4.50
-4.20
-1.95
-0.93
2.98
-3.03
-2.41
-1.38
-3.71
-5.61
-9.36
-7.39
-9.06
-9.41
-1.72
-2.35
-8.10
-4.69
-8.60
-11.07
-3.90
0.11
-1.95
-1.54
-8.85
-12.23
-9.78
-14.48
-11.65
-5.70
-1.30
-3.09
-2.02
-1.30
-1.15
-2.53
-7.06
-11.44
-10.70
-7.66
-3.26
-6.36
-5.53
-2.50
-5.08
-3.96
-6.33
-0.53
2.38
0.31
-0.95
-3.16
-3.97
-3.00
-2.37
-1.45
1.26
4.89
5.22
7.11
1.19
-1.51
-4.87
-7.88
-7.55
-4.62
-3.34
-5.21
-8.92
-4.90
-0.39
0.45
1.94
0.89
1.31
1.78
-1.46
0.15
-1.59
-2.54
-0.51
3.48
0.65
2.29
6.09
6.99
5.27
6.56
5.08
1.06
1.63
4.58
4.83
4.15
2.05
0.01
3.23
0.31
-3.66
-0.12
4.05
6.42
6.62
5.22
0.68
1.20
3.77
0.80
0.98
7.19
8.15
10.73
7.49
8.49
4.92
-1.05
1.23
2.72
6.43
10.15
5.84
4.66
3.24
3.80
10.75
13.06
13.75
10.28
5.99
6.24
9.61
13.83
15.81
16.55
14.23
11.88
13.97
14.32
13.90
12.46
13.86
13.45
10.24
12.94
11.09
11.01
8.02
7.62
4.46
-0.82
1.46
2.12
2.31
6.31
10.45
7.03
9.05
5.49
4.07
9.04
8.98
12.11
5.36
7.30
-0.18
3.18
5.19
9.57
11.46
12.50
15.06
14.58
15.98
14.87
12.43
11.65
10.98
11.16
14.11
18.38
9.72
11.82
14.84
14.43
12.02
12.88
8.85
13.56
15.29
14.14
9.40
11.22
10.94
11.88
10.35
11.46
13.16
14.68
7.82
4.76
4.04
7.33
8.06
10.03
12.52
13.00
11.49
11.91
9.40
5.99
11.15
7.60
6.05
5.05
6.10
2.32
4.26
3.69
4.88
2.54
4.63
7.70
9.67
7.59
7.30
3.93
6.42
5.07
6.55
8.15
5.01
-1.96
1.89
5.30
7.75
6.45
5.06
6.43
4.34
4.84
2.99
-0.57
-2.44
-0.00
3.04
5.99
4.88
12.43
13.29
11.61
-2.05
3.50
5.85
0.87
2.83
6.01
6.74
4.64
1.81
5.31
5.42
4.01
5.55
5.68
-0.47
-2.16
0.16
-0.22
3.77
5.64
9.24
11.16
9.93
7.47
3.81
4.84
6.67
2.67
1.45
4.33
4.75
9.62
9.94
8.97
3.04
4.25
3.74
-3.33
1.96
1.74
2.65
4.74
2.45
-3.36
0.29
1.63
1.55
0.27
-4.00
-6.00
-7.77
-6.27
-6.37
-5.13
-1.83
-6.40
-2.77
-6.68
-4.19
-3.35
-0.63
-0.26
1.32
1.01
1.79
1.21
1.13
0.85
-0.63
-0.45
-1.17
-0.70
-1.04
-2.30
4.14
4.14
0.55
3.43
3.07
-1.74
0.95
2.36
0.89
-2.18
-3.57
-3.83
-2.62
-11.07
-11.56
-12.32
-7.62
-6.90
-2.80
-0.03
-5.07
-8.89
-7.20
-5.23
-2.61
-4.30
-4.53
-1.07
2.60
1.16
3.51
3.73
3.02
1.30
-1.81
-2.59
0.50
4.47
4.27
3.51
1.98
3.45
0.06
-2.22
-3.69
0.50
0.51
0.43
0.47
-2.26
-4.84
-2.20
-1.81
1.46
1.98
2.70
2.25
2.15
-1.27
-0.33
-3.05
-2.56
-4.18
0.39
-1.26
-2.82
-0.40
-0.56
2.37
4.03
3.78
-0.62
1.65
0.25
-3.25
5.54
2.67
2.67
5.19
4.56
3.32
0.55
0.90
3.20
2.85
5.93
6.03
3.65
3.30
1.37
-0.32
2.23
3.35
3.68
-3.19
-4.28
-2.14
0.02
1.08
-5.33
-3.20
0.47
4.00
2.49
-7.84
-1.09
0.24
1.76
2.68
1.03
-2.47
-0.77
0.35
2.16
1.33
2.73
3.47
2.59
-0.85
-0.56
0.38
0.45
-1.58
-4.71
0.16
1.01
-4.19
-3.09
-3.79
-0.80
0.86
3.02
1.83
-2.04
1.62
-1.88
-0.09
2.26
5.41
8.27
6.43
5.55
2.59
-2.71
-5.49
-2.55
1.86
4.11
2.88
6.57
9.12
9.60
9.76
9.57
4.25
8.31
3.97
1.75
2.97
5.69
6.97
8.27
9.36
9.79
8.61
8.29
10.78
8.79
3.96
6.02
5.19
8.97
7.51
9.20
13.29
9.68
11.48
14.14
13.88
11.75
8.87
6.91
8.90
8.53
7.01
6.44
5.41
5.83
8.27
2.08
1.64
0.76
6.04
3.96
4.84
8.38
7.88
1.09
4.22
7.20
4.85
4.77
1.25
3.78
6.63
10.02
12.36
9.91
7.48
9.89
12.25
10.70
9.66
15.88
14.15
5.82
3.59
6.38
8.70
13.26
10.42
10.09
6.57
8.81
13.06
13.28
12.18
12.95
10.23
8.19
11.25
13.21
14.20
15.93
11.53
11.69
13.10
14.41
16.45
14.50
14.09
12.82
14.34
13.82
13.03
9.01
11.19
11.54
12.36
12.10
12.99
13.99
14.46
14.17
9.20
13.00
8.51
1.83
9.86
16.29
16.09
9.44
10.28
12.20
13.80
12.85
10.11
12.26
12.75
14.43
14.06
12.19
7.33
5.06
8.50
10.75
11.58
13.26
11.45
11.22
9.33
7.12
8.78
9.83
9.93
11.02
11.75
9.96
9.84
11.68
13.17
10.76
8.99
12.19
12.28
10.89
6.57
8.12
10.49
8.85
3.75
3.44
-4.64
-6.25
-0.01
1.52
8.41
8.58
9.38
7.99
6.11
6.17
3.83
3.49
4.20
4.71
2.87
-0.45
-0.21
2.09
1.21
2.74
3.66
4.44
3.17
4.98
7.69
2.50
0.24
-0.74
-2.74
-0.52
-0.69
-6.25
-2.25
2.37
3.29
2.32
4.63
2.77
-1.67
-2.27
-1.55
-0.64
4.19
3.56
0.24
0.57
2.08
-1.35
-4.93
-5.21
-3.59
-12.88
-4.84
-3.87
1.63
6.85
2.21
-2.20
1.70
2.50
-0.55
-5.63
-5.79
-8.98
-7.16
2.77
3.24
0.22
-2.21
-4.71
0.34
-0.23
2.59
2.71
0.90
-6.67
-8.06
-2.98
-1.48
0.48
-0.50
-2.29
-0.05
1.40
-4.86
-3.09
-1.93
-0.79
3.54
5.38
7.87
7.05
2.66
-0.92
-2.17
-1.49
-2.30
-0.08
-4.18
-8.17
-8.33
-2.29
-2.83
-2.73
-5.87
-4.05
-4.99
-3.86
-1.93
-3.91
-6.07
-6.19
-5.08
-2.53
-1.33
-0.08
-1.81
-2.52
1.02
3.75
4.35
3.90
3.99
7.53
8.57
7.08
5.65
4.79
4.96
6.08
7.35
5.74
-1.47
-2.89
2.62
3.51
2.11
3.93
-0.42
-6.69
-1.74
2.64
5.19
-0.65
0.65
0.90
-4.36
-6.49
-6.96
-6.36
-6.18
-4.02
-0.24
0.44
0.83
2.35
5.25
2.48
-2.08
-3.53
-3.23
-6.07
-7.06
-3.98
-1.09
1.45
5.11
6.06
3.93
4.09
0.85
1.66
6.84
1.95
-0.09
-2.47
-1.63
-3.73
-3.00
-4.40
-4.60
-7.28
-9.59
-5.17
-3.23
-5.13
-5.31
-7.68
-5.15
0.61
1.70
3.60
3.92
1.18
6.40
7.23
1.49
-3.53
0.48
2.06
0.12
0.39
2.09
1.04
2.02
-1.01
5.82
8.25
8.84
10.18
10.77
11.19
10.84
9.68
8.41
7.25
4.01
4.77
6.37
6.51
6.82
3.95
5.85
4.81
3.01
4.48
3.50
5.76
2.97
6.39
4.73
8.05
11.23
9.65
12.52
14.57
13.00
7.30
5.68
11.57
10.05
1.37
-1.82
2.84
2.82
2.30
1.14
4.81
8.08
12.49
16.35
17.45
14.42
10.85
13.05
12.60
10.29
10.89
11.25
12.88
11.71
15.55
10.83
6.61
8.17
10.26
13.67
9.85
2.89
8.27
9.77
8.25
13.76
14.23
6.30
5.24
7.56
11.07
13.23
16.71
18.66
15.60
13.02
15.10
13.27
11.63
15.38
11.29
6.02
11.86
13.77
9.22
10.73
9.06
10.57
13.05
11.79
14.52
15.68
17.98
17.75
17.94
18.33
17.71
13.16
14.33
14.53
13.10
12.46
9.56
10.96
10.58
7.61
7.90
9.34
10.12
8.86
11.95
7.43
4.13
6.26
8.35
10.88
13.99
15.88
9.49
10.12
5.81
9.67
10.73
7.56
13.95
12.63
8.32
-0.49
-3.11
-2.47
3.13
3.70
1.10
6.30
10.17
6.87
6.95
5.48
7.40
7.43
8.29
7.79
3.19
1.22
6.06
5.48
0.84
0.90
-0.16
-0.41
2.20
2.07
0.33
-0.85
3.12
2.35
4.20
2.05
3.73
6.65
8.62
8.23
6.43
1.94
0.17
2.48
5.84
7.55
8.27
3.46
3.67
-4.62
2.41
5.91
6.05
-4.43
0.09
0.18
4.25
0.60
-0.07
-1.96
-0.22
1.88
4.71
5.70
4.52
-1.15
-1.45
-1.53
-2.15
-8.04
-9.10
-7.35
-6.68
-6.01
-9.81
-8.51
-8.47
-3.67
-4.20
-2.56
-6.19
-6.21
-4.32
-4.24
-5.60
-3.07
-4.30
-4.25
-6.27
-12.12
-12.49
-12.57
-3.96
-0.77
-3.00
-2.95
1.07
1.95
5.37
8.93
5.53
5.78
3.34
1.13
-3.79
-6.97
-2.33
0.88
-5.86
-1.24
1.04
4.48
3.60
2.89
1.92
-2.42
-1.55
-3.40
-3.04
4.93
8.47
9.10
4.90
-1.11
-7.14
-4.76
-5.57
-7.18
-7.39
-4.82
0.95
2.16
1.82
-0.43
0.49
0.34
0.70
-0.05
-0.16
-0.49
2.40
1.81
-8.96
-5.14
-9.40
-15.56
-7.41
-2.33
1.24
3.18
3.65
1.98
-9.67
-8.04
-7.23
-5.79
-14.26
-17.01
-16.74
-8.16
-5.44
-5.94
-4.63
-8.23
-5.34
-2.36
-2.31
-2.48
-3.99
-13.37
-4.58
-2.14
4.84
1.87
-0.77
-0.44
3.28
0.45
-3.31
-9.11
-9.72
-10.81
-3.16
0.19
2.59
3.04
4.25
1.81
2.47
2.64
1.58
-0.92
-0.97
-5.32
-5.23
-3.75
-5.53
-3.03
4.55
0.24
0.54
-3.40
-6.16
-1.82
-0.03
1.68
2.93
0.65
0.92
1.74
4.07
3.94
1.91
-4.79
-1.11
1.03
-2.37
-0.46
-5.93
-3.11
-3.47
-8.75
-6.06
-7.00
-5.23
0.69
0.90
-0.67
-0.09
-3.07
1.67
1.92
3.16
8.95
8.94
3.16
5.25
6.35
6.26
5.66
6.01
4.90
6.45
3.28
6.62
7.70
5.78
5.54
6.52
6.15
2.69
4.37
7.04
6.55
4.34
-0.10
0.57
2.38
7.00
8.39
7.80
8.55
11.11
10.54
11.58
12.21
10.30
13.63
12.88
9.44
3.68
7.06
3.92
6.93
3.95
9.01
5.62
3.88
5.62
7.24
2.56
6.83
8.13
8.07
7.63
6.16
7.24
3.96
2.87
8.86
9.70
12.00
9.27
8.69
7.78
11.31
8.06
11.86
14.98
17.42
16.52
14.45
6.36
6.34
8.03
9.55
10.25
9.64
11.07
12.02
7.03
8.55
9.37
14.80
13.71
13.10
11.61
11.09
7.93
7.86
11.36
12.87
14.32
15.48
9.20
9.75
11.33
10.25
11.52
13.25
11.71
11.10
13.52
15.41
14.25
12.75
13.50
9.42
8.15
5.56
6.58
10.09
10.46
10.91
7.64
9.23
10.44
9.29
11.08
12.51
12.38
15.52
18.27
15.20
10.50
10.51
8.79
9.14
10.68
11.32
11.54
7.71
6.59
8.30
8.47
8.43
12.23
11.34
13.17
12.69
12.74
13.15
11.55
9.81
8.54
9.31
7.27
8.28
7.37
5.81
9.83
10.02
11.19
9.72
5.33
5.86
2.84
9.13
10.45
8.64
8.58
4.48
-2.53
-3.29
-0.36
3.01
4.74
4.66
8.63
8.85
8.84
6.72
6.21
5.70
4.93
4.80
2.85
0.41
4.81
4.35
9.15
3.63
6.52
4.58
4.03
9.69
12.40
11.63
9.95
7.64
9.22
8.79
0.90
2.84
4.50
1.84
0.58
1.14
-3.03
-6.09
-3.87
2.59
3.92
0.47
-4.00
-3.08
-7.80
-7.69
-11.46
-11.04
-7.52
-7.16
-4.94
-0.28
1.13
2.63
0.74
3.94
5.15
2.92
0.79
2.23
5.02
0.01
-6.20
1.35
3.32
3.10
-2.53
-5.35
-2.43
-0.15
-7.15
-5.39
-8.44
-10.97
-4.48
0.72
0.09
-8.96
-4.09
1.07
1.26
0.60
0.90
-1.55
-2.14
-6.84
-11.00
-11.39
-6.17
-2.31
1.56
1.02
0.63
1.78
2.08
-2.07
-3.44
-4.64
-5.67
-4.95
-5.08
-5.57
-3.14
-2.13
-0.46
2.51
-1.18
-3.58
-2.06
-4.19
-3.96
-12.07
-13.34
-11.57
-5.13
-4.79
-6.18
-3.26
2.58
5.16
5.47
0.91
-2.44
1.65
4.80
2.35
-0.53
0.01
-4.08
1.47
-1.39
-4.72
-3.99
0.54
-1.48
-4.64
-11.47
-3.75
-5.33
-9.02
-5.35
-2.72
-5.07
0.19
1.77
-0.27
1.32
2.46
-2.98
-4.75
-4.37
-0.53
-4.33
-0.41
1.78
-0.64
2.59
5.90
2.98
2.92
3.61
1.52
-0.08
-3.28
-0.54
0.30
0.77
-3.14
-1.36
0.01
1.54
3.28
0.44
-0.74
-4.20
-7.34
-5.43
-6.44
-7.79
-3.42
-5.16
0.49
1.42
-0.62
-3.35
-2.76
-0.67
1.86
-1.16
-1.27
-1.88
-3.07
-1.79
1.17
0.10
2.16
-1.25
-1.18
-0.99
5.12
6.58
8.79
7.36
1.10
5.38
6.83
7.24
4.64
1.11
5.00
5.91
6.09
6.65
5.93
4.88
4.73
6.55
6.69
8.70
9.33
9.16
4.94
6.80
8.11
9.28
10.25
8.07
2.37
1.38
3.34
4.77
3.14
8.49
7.40
6.33
9.34
5.18
4.96
1.71
3.90
3.81
10.70
12.79
12.16
12.81
11.56
5.91
7.93
13.96
13.29
11.10
8.47
11.88
10.07
9.75
9.89
10.70
12.29
13.44
15.77
16.28
14.97
13.31
7.84
3.83
3.88
7.13
14.31
7.04
7.67
11.29
11.81
18.10
13.26
9.55
9.37
16.93
16.17
5.16
4.50
4.71
1.01
0.52
2.51
2.07
-0.20
1.51
5.74
9.14
7.98
9.87
11.18
13.01
13.88
10.62
10.66
8.32
11.64
5.52
4.26
7.31
12.54
14.44
12.18
8.07
4.29
4.06
6.24
9.33
11.55
11.22
13.09
14.02
14.29
12.52
13.88
14.46
15.13
13.52
15.00
16.71
17.80
15.71
10.69
13.91
15.78
17.15
17.75
9.34
8.11
10.78
10.84
5.74
8.35
4.37
2.23
1.60
6.08
8.44
6.10
11.87
13.44
14.80
13.54
13.06
10.24
11.69
12.96
9.04
7.52
9.33
10.16
7.80
4.45
9.03
10.02
10.58
9.57
10.06
10.41
10.28
8.06
3.46
4.07
0.79
4.12
8.21
6.63
1.91
-2.85
3.78
3.96
1.94
0.90
3.18
5.86
7.13
5.20
3.09
1.00
4.64
5.20
7.43
8.27
7.85
6.71
4.57
5.89
4.00
5.94
9.06
3.06
4.03
2.65
-2.52
0.63
0.96
-5.96
-1.70
-0.50
-3.93
-4.81
-4.55
-5.66
2.58
4.02
4.49
-0.83
-4.85
-0.39
-4.80
-2.19
0.12
-2.63
-1.07
1.41
1.49
-3.12
0.03
-2.93
2.76
8.22
9.20
5.96
6.57
1.86
0.71
2.03
4.56
2.62
4.71
4.34
-1.07
-0.08
5.57
6.77
6.43
-0.10
-2.89
-4.80
-6.62
-1.23
2.26
3.27
-0.78
-0.44
1.63
-0.92
-1.74
-2.37
-4.11
-4.87
-5.83
-10.48
-0.95
3.58
2.34
-1.75
-1.45
3.22
2.94
-3.54
-7.51
-3.42
0.10
1.39
-0.09
-1.46
-2.79
-5.33
-5.88
-5.04
-5.49
-4.41
-6.33
-0.74
2.72
2.72
4.32
-1.59
-5.25
-5.12
-2.75
-4.91
-8.85
-6.84
-11.78
-5.35
-3.41
1.65
0.33
6.24
5.55
-0.61
-5.52
0.20
4.18
4.82
0.60
1.95
3.31
0.85
-2.50
-0.49
2.71
-2.34
0.96
-1.23
-4.82
-8.76
-13.13
-10.39
-8.32
-9.28
-10.52
-0.72
0.45
0.29
-0.22
4.69
4.72
3.65
-3.37
-1.13
2.11
3.63
-4.78
-3.25
1.37
5.54
-0.51
-1.40
-3.32
0.83
3.24
4.30
5.22
10.02
3.65
-2.31
-2.13
-1.67
-1.72
-5.93
2.35
6.53
6.51
4.95
0.86
-1.06
2.46
-1.88
-3.01
-2.10
-2.09
-5.32
-2.61
-4.09
-6.51
-3.09
-4.33
-4.03
-2.85
-4.01
-6.78
-9.77
-4.79
-4.04
4.84
5.36
-1.66
1.80
2.99
4.26
4.38
3.31
5.41
6.01
1.66
3.39
2.55
6.26
7.52
6.97
8.01
6.71
8.04
8.02
7.37
3.59
6.34
6.13
1.66
7.93
9.39
8.53
5.78
8.88
8.10
8.05
9.39
10.61
12.96
15.06
14.01
9.44
4.62
2.27
-0.81
6.48
9.39
3.38
7.35
7.38
4.93
2.66
1.57
9.51
6.71
7.75
11.43
5.62
1.32
2.59
5.95
10.73
11.36
10.63
11.95
14.22
15.63
18.56
15.72
7.08
11.50
12.21
10.09
14.15
13.65
13.24
14.93
15.96
9.37
6.75
9.25
10.31
7.90
10.22
9.61
12.49
7.34
3.41
5.92
3.63
5.77
1.75
11.68
14.73
13.74
11.07
14.58
15.36
14.65
14.75
14.49
16.68
17.93
19.60
19.01
12.71
8.95
7.43
7.76
13.05
9.79
8.83
6.43
8.89
14.60
15.15
18.40
17.98
13.83
12.94
14.88
13.56
9.23
13.92
16.28
16.06
17.95
17.14
17.15
15.86
16.14
17.15
9.05
5.51
1.63
8.29
10.63
7.04
2.80
9.02
6.10
7.94
3.37
-0.51
1.21
7.83
8.51
2.27
2.88
0.50
-0.14
0.81
1.61
4.24
5.26
4.85
7.43
4.82
2.51
5.02
9.10
9.53
9.04
6.72
11.45
14.75
10.79
6.48
8.95
9.98
8.04
6.86
5.98
7.28
10.42
13.26
13.94
9.98
9.30
8.71
9.78
8.92
9.02
8.48
2.97
4.91
5.90
1.14
3.28
6.88
3.87
5.07
7.50
12.70
10.16
4.25
8.63
6.82
7.03
3.22
2.87
-0.75
-1.79
-9.36
-0.36
5.44
4.56
-0.45
-4.37
1.92
2.64
3.49
-0.04
-2.46
2.55
1.92
1.16
-6.34
-2.55
-1.07
-1.46
-2.93
-3.09
-2.39
1.35
5.02
4.44
3.02
1.25
1.64
0.89
4.02
0.34
0.42
-3.15
-0.73
0.01
1.00
-9.50
-4.95
-0.88
-4.02
-2.42
-1.81
-5.39
-6.81
-8.57
-12.89
-7.27
-3.71
-7.69
-7.71
-5.42
-1.60
-4.16
-11.81
-3.99
0.78
3.10
-2.40
0.23
1.38
-1.11
-1.63
-0.14
-0.67
-3.05
-1.34
-0.15
-2.57
-4.55
-7.05
-4.46
-2.54
-1.90
-1.27
6.76
4.58
0.93
-2.50
1.84
1.73
1.13
3.84
5.71
7.15
5.17
1.79
6.39
6.17
-0.92
2.45
-2.86
-2.25
1.46
6.16
-4.94
2.56
4.28
2.76
-0.21
-2.61
-4.48
-4.93
-5.94
-7.47
-5.59
-6.03
-2.68
-3.78
-5.62
-3.32
-0.55
-0.58
-3.99
-2.05
-2.38
-4.00
1.60
1.69
0.94
4.18
6.10
2.80
-0.12
1.86
2.99
3.02
1.71
-0.01
1.26
1.85
0.66
0.56
1.03
3.60
-1.64
-4.65
-4.74
-4.72
-3.88
-2.96
-0.61
-0.94
-3.60
-0.50
1.43
2.13
1.38
1.00
-0.13
0.38
2.82
2.66
0.47
-3.19
0.77
1.27
-0.82
-4.71
-5.70
-4.57
-2.62
-0.63
-1.03
-4.58
2.50
3.56
3.53
2.81
4.85
3.46
-1.47
3.24
-0.39
6.36
4.71
0.76
0.12
-2.31
-4.91
-1.01
4.66
5.38
4.97
3.54
1.02
1.24
6.37
5.45
8.81
10.55
12.78
7.65
1.76
7.40
8.58
6.66
4.93
4.58
5.53
3.15
-0.55
1.38
5.51
7.03
9.47
10.66
12.02
7.55
11.99
9.74
3.85
4.40
2.87
3.12
2.54
6.16
11.05
12.35
15.46
15.33
15.93
18.59
18.00
17.77
13.66
15.19
17.53
19.12
14.01
10.41
13.06
12.42
7.28
8.20
8.98
11.13
9.01
10.04
6.93
11.09
5.20
12.37
14.47
12.93
9.21
9.44
12.73
6.06
8.09
8.65
8.61
6.72
6.60
11.11
14.01
12.58
11.26
14.34
8.78
6.14
8.68
13.89
14.46
14.25
14.83
8.26
6.38
10.57
10.39
7.74
8.10
7.06
5.40
8.17
4.67
3.00
3.29
6.10
10.11
12.99
13.69
12.86
13.34
13.68
14.77
12.49
8.29
10.60
9.97
10.59
11.14
9.49
6.42
8.81
9.25
12.43
9.71
8.03
10.18
6.89
6.44
7.51
7.07
8.45
9.85
7.78
4.68
5.27
7.35
8.40
7.26
7.74
9.09
8.68
10.53
7.51
8.54
8.50
4.13
-0.91
-2.32
-1.76
0.83
0.31
4.47
4.32
5.73
7.83
9.42
7.31
4.58
4.38
2.12
2.16
3.83
6.47
6.49
4.30
2.42
5.07
6.13
8.67
8.90
0.90
-4.30
2.80
10.14
9.54
1.57
-0.30
0.87
3.49
5.48
5.33
5.08
7.96
7.65
4.78
6.12
4.39
4.03
-4.53
-4.39
2.12
-4.54
-3.41
-0.96
2.50
2.31
2.23
3.70
2.30
3.13
3.04
-0.67
-0.97
0.06
3.56
2.14
-3.16
0.75
3.97
3.51
2.32
4.07
3.19
-3.08
-4.78
0.68
-4.54
-7.52
-4.38
0.54
0.66
-1.78
-3.08
-5.13
-2.82
-0.80
-1.59
-2.82
3.36
-1.71
-2.18
-1.30
0.42
5.04
2.65
0.70
0.90
6.54
1.77
-0.09
2.33
3.06
-1.34
1.53
1.79
-2.50
0.50
0.64
-4.14
-4.76
-6.78
-6.01
-9.83
-6.33
-6.75
-7.09
-5.81
-4.91
-2.84
3.60
2.39
-2.10
-3.03
-0.90
3.13
1.00
0.46
-6.61
-8.43
-3.78
-0.56
-1.91
3.18
1.52
-10.93
-11.94
-14.14
-9.51
-7.59
-4.97
-6.56
-15.18
-11.52
-5.09
-1.96
-3.26
-4.55
-1.95
-4.69
-10.59
-9.48
-8.39
-10.63
-10.16
-5.07
-2.64
-1.60
-2.48
-2.72
-4.12
-2.54
0.61
0.98
-1.30
-2.12
0.11
-3.36
-4.60
0.78
5.84
1.51
1.71
-1.76
2.11
5.32
5.09
3.44
-1.26
0.72
-3.88
-0.92
0.80
-0.52
-0.25
1.00
-0.21
0.44
0.63
2.50
3.02
1.98
3.55
1.77
2.09
2.92
2.19
1.85
-1.83
-7.44
0.51
3.85
-1.81
-7.00
-8.30
-4.62
-4.98
-1.99
-2.92
4.30
7.56
6.62
4.45
4.58
3.91
2.67
0.72
0.85
2.68
3.56
4.82
6.53
4.85
5.29
8.30
10.41
8.73
3.69
5.26
7.90
11.46
11.96
10.73
11.85
9.51
5.73
6.60
6.64
6.10
2.16
-3.80
1.89
4.05
1.70
6.65
8.40
-1.37
-1.61
4.51
10.71
10.71
3.81
6.89
9.23
10.45
9.43
10.03
10.79
12.86
8.47
11.65
12.72
13.08
11.01
12.80
11.68
14.42
15.58
16.66
17.22
15.93
15.72
14.33
14.82
12.07
7.91
12.32
14.36
14.73
17.94
17.30
15.60
17.59
15.32
12.94
12.25
15.18
17.50
10.49
5.36
4.45
2.90
7.82
10.22
10.75
12.63
11.79
14.31
14.09
15.16
15.70
17.53
17.02
16.98
10.55
14.22
16.63
19.41
12.88
15.96
13.18
11.46
12.78
14.75
15.23
9.30
10.27
11.84
7.29
14.25
16.24
17.75
18.44
18.80
18.70
18.89
18.09
18.16
18.75
17.80
19.45
19.14
15.56
11.70
17.44
15.32
11.71
12.53
14.22
9.90
13.36
15.05
14.44
13.53
11.93
14.16
15.61
9.31
6.39
4.01
3.24
4.63
7.39
9.32
8.84
6.24
8.77
6.48
4.03
4.01
3.91
5.92
7.54
7.97
10.02
11.27
14.54
14.23
14.46
14.61
12.97
10.84
5.15
6.67
9.14
7.06
7.92
4.72
3.13
7.21
8.78
11.52
7.61
2.07
-1.55
0.42
0.06
0.78
6.38
9.42
10.25
10.68
5.22
4.45
4.55
4.79
5.32
6.17
5.18
1.87
-0.62
-1.93
-3.21
-7.59
-6.75
-4.15
-3.76
1.58
0.90
-0.68
2.51
-1.32
4.77
3.95
7.60
10.76
10.20
5.67
3.55
6.75
5.43
3.26
2.22
0.63
2.22
3.90
2.16
4.17
5.77
7.32
6.52
5.03
4.31
3.74
3.82
0.32
1.47
0.82
-5.58
-1.11
1.92
2.60
1.56
3.41
2.66
5.91
2.40
3.60
1.83
1.06
-3.23
-0.93
2.89
4.85
1.84
-8.33
-0.85
0.85
-1.05
-2.41
-0.72
-2.05
-10.31
-8.56
-0.83
3.30
4.67
1.93
-2.70
-5.09
-2.71
-4.31
-2.94
-7.86
-4.34
-3.12
-2.06
-0.10
-0.43
1.15
-3.21
-3.79
-0.22
-2.02
-0.41
-0.85
-7.79
-3.96
-4.00
-7.20
-4.29
-3.71
-5.32
-2.88
-2.71
-1.50
-7.31
-4.69
-8.55
-14.09
-14.15
-1.43
1.45
2.68
4.58
6.65
7.65
7.35
6.69
1.23
-8.56
-5.40
-2.96
-1.24
0.02
1.66
3.42
0.53
0.27
-0.92
-8.25
-8.66
-0.69
1.93
1.93
-2.48
-5.48
-3.60
-9.07
-12.47
-12.53
-14.75
-11.86
-6.71
-4.72
-0.91
-2.20
-3.54
-7.89
-10.21
-9.67
-11.18
-4.20
1.03
2.18
-0.69
3.52
8.36
8.78
6.94
1.56
3.50
3.18
-7.57
-9.13
-8.17
-8.06
-7.20
-4.36
-0.98
3.43
2.15
1.34
2.60
3.79
-0.09
0.56
-1.42
-5.05
-7.94
-6.41
-6.00
-5.06
-4.06
-2.64
-5.55
-0.88
-1.68
1.24
0.18
0.73
-4.13
-1.08
5.17
6.25
3.58
2.73
2.90
2.92
2.65
3.20
3.60
3.28
0.10
2.11
2.10
2.39
-2.49
-5.61
-5.24
-5.41
-3.98
0.38
2.76
3.74
0.69
3.15
4.98
6.93
7.46
8.25
8.90
9.82
4.60
1.23
2.69
4.20
6.42
5.35
3.68
4.55
7.18
6.81
2.68
3.10
3.13
2.26
6.04
4.57
8.43
10.61
12.13
13.78
14.61
11.04
7.09
2.40
7.41
10.32
7.95
10.05
8.19
8.23
0.60
5.41
9.02
8.85
7.34
7.74
11.72
13.08
12.21
10.86
13.53
10.91
4.59
8.26
11.16
11.12
9.63
13.95
11.63
4.09
3.03
1.44
0.56
1.63
7.39
12.42
14.76
14.00
12.66
11.71
11.31
14.57
17.02
15.24
11.63
12.01
7.90
9.43
12.93
14.12
13.81
15.17
14.95
15.93
15.18
13.03
12.02
10.61
12.72
13.84
14.64
14.93
11.94
14.04
5.90
6.96
12.49
12.71
12.22
13.91
13.23
7.99
2.33
10.61
13.84
11.98
8.58
2.47
9.14
11.15
8.12
8.55
7.32
11.94
11.95
12.72
13.54
14.05
13.59
11.95
13.16
13.84
14.32
12.13
6.36
9.34
8.30
4.64
4.01
8.31
11.26
8.29
8.82
8.10
6.96
6.89
5.17
-0.57
2.29
6.82
8.39
8.11
8.98
7.85
8.59
8.69
11.68
12.39
8.08
8.04
10.23
9.76
6.46
4.48
3.85
2.31
0.63
-1.69
-4.86
-3.08
0.90
6.47
8.98
8.19
7.51
11.13
12.02
6.33
6.27
5.17
5.59
3.17
1.86
5.76
3.29
6.65
7.99
7.30
4.01
2.12
-2.80
-3.34
-7.69
-8.31
-2.55
3.18
1.68
-8.20
1.95
3.38
5.02
5.26
0.38
-7.68
-1.03
0.80
2.72
5.88
3.53
2.01
1.19
2.07
-3.10
-3.15
-0.34
1.73
-2.79
0.78
1.16
2.53
3.05
3.15
3.69
2.35
3.14
1.60
1.04
0.69
-1.37
-2.46
-5.32
-4.52
-3.32
-3.58
-7.69
-6.09
2.20
3.51
3.71
-5.27
-4.42
-8.35
-12.06
3.44
4.51
1.30
-2.46
-2.97
1.97
1.64
2.87
4.97
4.53
3.46
4.75
1.28
-0.69
-3.42
0.15
1.56
2.93
0.08
-2.85
-10.05
-2.27
-4.47
-6.46
-4.72
-11.85
-17.13
-13.53
-10.80
-14.21
-9.82
-4.53
-0.29
-5.06
-4.56
2.16
1.38
-4.10
-6.65
-6.75
-5.76
-4.77
-3.60
-1.57
-0.75
-4.74
-12.77
-13.03
-12.29
-5.14
-5.31
-7.46
-13.76
-14.51
-14.95
-14.33
-13.28
-11.04
-11.55
-15.58
-14.34
-12.12
-10.54
-8.59
-11.09
-12.94
-13.33
-14.03
-9.63
-4.91
-2.53
-3.75
-4.75
-2.76
-1.14
1.30
3.99
3.43
6.41
6.93
5.70
5.79
3.58
6.15
4.21
2.23
0.77
-1.15
0.64
1.09
-1.87
-2.07
0.87
-0.62
0.99
0.98
1.20
1.42
0.76
-0.46
-8.11
-3.16
2.08
1.43
-1.37
0.26
0.75
-1.90
-3.82
0.20
-2.50
-5.22
-2.78
1.09
0.45
1.80
0.64
2.48
2.86
6.00
7.53
8.93
10.13
10.02
6.93
1.28
-0.78
-1.66
-0.85
-0.97
-0.34
-0.52
3.07
3.77
5.42
3.83
4.35
0.66
2.65
0.27
5.02
9.96
9.29
6.32
1.53
7.40
11.73
13.04
13.88
13.79
14.65
9.02
7.25
9.54
9.95
12.09
6.22
3.78
3.34
5.41
5.42
3.63
5.13
6.40
7.98
7.76
5.93
7.43
9.75
12.64
14.75
15.30
15.37
14.64
16.41
15.09
16.82
10.62
16.16
16.00
17.56
14.15
9.14
3.84
9.22
13.98
13.83
2.88
4.95
3.44
1.65
2.66
7.92
8.56
10.21
10.25
14.44
15.43
15.01
16.31
16.15
8.07
10.46
8.74
9.28
8.39
11.65
13.10
12.81
16.59
18.95
16.16
10.70
7.77
11.04
6.73
5.83
6.76
10.17
8.60
3.63
6.82
10.36
11.61
9.18
9.51
7.83
6.41
3.11
8.75
14.16
10.35
9.16
4.89
4.53
5.55
6.03
9.12
10.56
9.99
9.81
8.95
12.62
14.17
15.30
13.48
15.13
14.06
13.37
12.73
10.90
10.51
11.11
7.82
8.23
4.99
4.62
8.44
9.24
12.96
9.81
3.89
4.96
5.08
7.04
7.02
7.52
8.60
8.86
8.25
7.10
5.99
7.28
3.69
6.46
7.71
1.62
0.40
2.26
3.56
5.90
6.45
6.13
7.91
9.64
6.65
6.73
6.98
8.78
11.00
8.92
9.92
8.49
6.86
6.52
5.64
4.68
3.27
7.92
8.14
10.64
11.94
12.15
11.53
10.57
11.50
4.14
9.61
9.21
8.35
-0.49
2.59
5.79
7.27
4.58
3.46
5.64
3.82
4.80
4.32
3.62
-1.17
-5.60
-7.44
-3.48
-1.68
-1.99
-2.97
-5.90
-6.93
-7.85
-10.38
-11.49
-7.88
-7.80
-6.95
-1.83
-0.72
-5.44
-2.70
-5.85
-9.04
-9.09
-6.65
-3.20
0.55
2.54
1.82
-0.08
-0.53
0.00
-1.59
-5.24
-10.08
-4.97
0.36
-0.39
0.32
1.68
2.46
-1.76
-5.38
-14.30
-17.47
-18.07
-2.11
-2.31
-6.13
-8.44
-4.77
-4.58
-8.48
-4.67
-3.50
-3.78
-4.19
-2.43
-2.16
-2.55
-2.48
-1.46
-4.36
-6.50
-4.97
-3.67
2.89
3.24
-4.85
-4.16
-0.88
-3.02
-4.53
-9.44
-6.76
-1.41
-0.37
0.62
5.26
5.32
3.31
0.25
-1.39
-1.46
-3.41
-0.98
-1.06
-10.01
-9.21
-7.35
-7.15
-4.90
-2.30
-1.16
-1.19
-6.75
-5.69
-3.46
-5.70
-7.07
-5.85
-6.53
-6.27
-5.75
-6.32
-8.85
-10.13
-13.65
-9.85
-5.58
-2.73
-2.96
-12.85
-7.21
-2.74
-3.50
-7.43
-9.91
-10.67
-5.53
-0.64
-3.08
-5.05
-3.81
0.26
0.72
-1.81
-2.02
-0.82
-1.78
-1.34
1.50
7.08
6.71
0.79
-3.62
1.33
0.73
0.80
-0.41
-3.53
1.77
-1.28
-2.21
-1.03
0.61
1.89
0.90
-5.49
-4.46
-0.51
6.47
6.44
-0.60
0.38
0.06
1.25
2.90
3.64
4.09
3.94
5.58
4.14
1.82
1.74
2.42
-0.82
-2.11
2.49
4.58
6.46
7.01
4.54
2.53
3.88
2.93
-2.54
0.19
3.73
5.82
4.81
5.16
7.31
7.96
10.03
10.33
2.99
1.81
6.06
9.23
1.71
0.64
3.43
7.49
8.13
7.77
4.32
-3.21
-5.16
-1.59
-2.46
2.47
3.41
3.57
3.74
5.63
6.67
8.12
10.00
12.18
11.15
11.27
13.25
15.44
12.27
10.94
15.14
12.91
15.55
12.85
9.17
13.21
14.05
14.53
12.39
13.28
11.83
10.10
13.32
15.24
14.58
14.81
15.46
15.55
10.24
6.45
10.62
10.49
15.12
15.91
15.76
13.72
14.85
15.03
15.78
15.67
14.49
18.08
16.16
16.67
16.01
14.52
16.93
16.42
15.92
16.21
12.70
10.68
14.18
12.58
9.71
7.98
2.85
3.85
4.32
4.95
8.21
8.78
7.68
5.28
2.96
0.53
0.58
2.22
7.94
9.00
11.44
10.92
11.77
6.90
8.31
9.28
11.56
8.16
5.89
7.52
3.72
5.89
3.94
1.38
8.84
11.31
10.65
13.86
16.28
18.22
16.95
15.75
13.60
14.30
13.33
9.69
11.33
11.49
8.74
8.94
7.61
4.96
4.66
6.92
11.59
12.62
15.92
14.06
10.75
6.36
4.03
7.49
9.89
10.20
9.20
8.28
10.49
10.46
-0.38
-0.39
6.30
6.48
12.38
10.19
11.53
10.80
8.31
11.92
8.51
6.11
8.51
9.52
9.76
6.28
5.98
5.70
8.81
8.33
6.35
11.70
13.65
10.74
9.21
9.94
12.05
8.91
3.52
-5.55
-4.10
0.34
4.38
9.33
9.06
4.79
3.08
5.38
4.91
-1.12
2.98
5.66
8.05
7.05
3.82
0.90
2.47
-0.12
-0.72
-0.57
3.25
5.99
7.37
5.43
5.99
4.07
0.75
2.46
4.83
2.91
1.24
1.75
5.10
4.88
2.06
2.58
-6.31
-6.38
-1.94
-0.61
4.35
8.33
6.19
1.49
-1.75
-4.88
-5.05
-1.56
-0.00
-1.71
0.64
2.59
3.70
1.77
-0.17
-1.00
2.34
3.60
1.55
1.12
-7.73
1.30
0.22
1.89
1.14
-0.56
-0.71
5.24
5.67
1.08
3.61
9.56
4.60
5.75
4.62
-2.08
0.05
5.02
6.41
0.28
-2.20
-0.97
-10.96
-9.84
-11.10
-3.65
0.43
1.90
1.44
1.07
3.71
3.03
5.24
3.68
2.27
-5.06
-4.55
-3.99
0.62
-2.66
-3.02
-0.83
-1.26
1.21
2.54
5.17
6.12
3.06
-1.24
0.02
-1.09
-0.36
-1.85
-2.41
-3.04
-6.55
1.82
1.64
-2.80
-1.24
-0.79
5.13
2.99
1.94
-1.63
-1.64
-0.12
-0.52
1.34
2.11
2.37
2.92
3.66
2.32
1.93
1.92
-4.69
-11.45
-10.58
-10.23
-10.64
-8.89
-4.09
-0.89
-2.40
-1.94
-2.98
-2.42
-2.40
-0.28
2.71
1.23
-0.61
1.36
3.41
3.53
2.72
2.88
4.82
5.53
5.87
5.23
6.63
8.83
7.47
6.76
5.29
7.39
6.90
6.96
8.33
7.76
8.35
8.86
8.21
5.66
7.14
7.83
7.11
5.46
2.03
3.81
1.40
0.51
1.12
4.40
3.30
5.62
8.00
5.90
6.60
9.65
8.06
-2.28
0.16
3.30
7.44
10.63
10.59
11.80
12.90
12.57
13.08
12.10
9.36
3.96
-0.88
-1.99
4.09
5.61
-0.25
3.66
7.61
9.12
9.69
9.63
8.97
9.88
11.52
12.72
8.72
8.67
10.56
11.98
8.59
6.53
10.69
11.66
17.58
15.80
9.71
6.65
7.67
11.90
10.00
1.28
0.70
6.88
9.54
13.38
14.56
6.65
8.42
3.23
1.97
7.07
12.21
12.42
5.63
-0.73
2.46
7.95
14.18
16.23
17.80
18.27
14.38
14.48
15.40
13.39
11.11
9.02
12.51
4.67
11.74
13.65
13.01
11.38
10.00
7.43
9.44
17.05
15.18
7.01
14.23
15.83
15.20
9.39
6.23
0.71
5.93
11.05
11.75
11.61
11.13
16.21
10.62
6.70
10.13
8.62
3.21
3.02
5.41
7.90
9.29
13.26
15.53
16.68
14.17
13.57
6.44
6.74
7.12
10.18
7.79
1.66
2.58
5.67
10.10
11.13
8.29
8.95
7.06
10.09
9.77
10.31
10.46
11.03
9.94
4.06
3.13
6.87
11.00
9.31
10.07
8.43
3.98
-1.83
-1.35
-2.30
3.61
7.42
10.30
10.89
13.75
9.96
12.25
6.83
6.52
6.20
4.18
3.70
6.23
7.52
10.51
9.20
9.85
7.66
4.62
1.49
2.42
-3.30
-3.71
2.56
3.06
2.48
0.88
4.91
4.59
4.90
5.48
-1.49
5.93
9.40
10.58
10.04
8.00
6.50
2.13
2.85
4.93
-5.20
-3.89
-3.73
-4.83
-5.43
-8.25
-12.33
-6.41
-3.42
-1.94
2.24
4.41
4.21
2.94
1.97
-0.28
0.02
-0.71
2.65
4.67
0.46
1.62
2.19
-1.00
-3.40
-1.14
5.03
0.64
0.16
-1.81
-1.16
-7.01
-8.16
-5.42
-3.25
-0.83
-4.41
-8.42
-5.71
-3.18
-1.74
0.35
0.94
-1.96
-1.13
0.50
2.08
-1.67
-1.06
0.16
-1.79
-5.88
-1.65
-1.38
-2.07
-2.29
-1.19
-2.43
-0.59
-0.32
1.14
-0.43
-0.49
0.53
-2.26
0.08
-0.32
-1.13
-0.64
-0.55
1.87
5.66
7.26
4.81
-2.51
5.12
4.64
2.49
4.71
4.50
8.88
4.71
-0.93
-3.44
-3.39
-4.72
-2.87
-4.34
-1.21
-0.97
2.40
2.86
3.46
3.59
1.65
-1.58
-3.00
-1.05
0.18
-0.76
-0.90
1.29
2.24
-0.74
-1.01
1.97
6.38
7.48
2.46
0.16
-1.58
0.72
-0.39
-0.92
4.06
4.01
-8.62
-12.41
-1.37
2.32
-5.41
-2.61
-3.02
-1.19
-1.00
0.17
3.37
5.35
-0.89
-4.70
-3.64
-7.09
-9.56
-6.73
-10.92
-11.35
-11.64
-11.01
-5.19
-6.45
-2.92
0.48
3.94
-2.21
-0.71
-1.53
-5.36
-3.32
-1.79
-5.03
-1.27
-0.94
1.07
3.55
2.17
-4.45
-1.62
-3.66
-5.98
-2.77
0.67
1.09
-0.28
2.85
0.03
-1.53
1.46
2.12
1.43
5.50
5.03
4.01
0.86
0.54
1.06
3.41
6.53
6.94
7.39
4.70
6.04
5.68
7.15
6.49
5.59
4.79
6.24
6.16
3.98
5.69
4.59
1.22
3.50
3.06
3.04
3.87
6.46
6.90
7.20
9.79
10.35
9.43
7.85
7.89
5.61
10.28
8.27
4.45
2.21
4.63
3.27
2.30
6.64
8.17
9.33
6.20
6.55
3.24
2.57
1.30
2.84
4.50
8.53
10.41
12.66
15.02
14.58
16.76
16.19
16.45
14.45
11.93
14.59
15.33
12.52
14.27
15.87
10.69
10.26
13.21
11.55
5.82
6.68
10.54
13.85
13.12
8.19
4.74
4.14
12.10
15.11
6.94
7.93
12.22
10.89
5.07
5.93
11.50
12.21
15.40
13.47
13.48
13.87
14.89
15.44
16.24
13.35
12.17
15.32
13.67
14.73
15.91
14.75
6.71
10.71
14.16
13.60
11.62
8.47
11.10
4.92
9.19
6.26
12.43
12.72
7.02
13.18
12.65
4.49
10.08
8.76
12.39
12.51
13.04
14.72
16.22
12.75
9.06
11.75
12.89
8.12
13.13
10.96
5.69
9.77
14.92
13.83
13.80
9.45
3.19
2.80
1.77
6.17
9.19
8.66
5.64
5.53
4.49
2.12
1.06
2.60
2.34
3.69
4.02
6.14
5.34
2.82
5.40
1.31
-2.63
-4.20
3.48
5.34
7.86
5.13
6.72
9.45
9.35
10.81
10.51
9.28
7.06
4.84
2.04
5.75
5.95
6.06
6.41
5.66
6.91
5.65
7.53
7.97
5.92
0.23
0.44
-3.71
2.36
6.89
7.01
3.27
3.03
0.91
1.66
0.43
0.93
0.87
4.51
1.46
-1.02
-2.81
2.52
5.53
4.40
0.84
-1.68
0.54
2.70
-0.02
-10.50
-5.11
-6.59
-9.26
-5.86
-3.49
-2.47
-1.23
-5.68
-7.51
-8.81
-4.88
-4.18
-4.76
-8.01
-1.89
2.93
-2.90
-6.67
-9.94
-5.20
-1.34
-3.47
-2.14
-0.03
-3.84
-5.65
-2.64
2.13
2.36
7.56
5.90
8.55
-1.39
-5.85
-1.25
-5.77
-4.28
-1.19
-3.30
-0.75
0.53
-1.00
-3.34
-7.97
-10.36
-6.62
-4.73
-0.10
1.62
-0.09
1.25
1.46
-4.12
-1.42
-2.28
1.17
-1.67
-0.11
-3.08
-7.78
-3.15
-1.91
-3.57
-2.03
-5.43
-7.30
-1.58
1.91
3.55
0.27
-4.73
-2.58
-2.22
-1.26
-1.70
-0.01
-5.28
-8.90
-0.72
-1.10
-12.10
-8.95
-13.42
-14.22
-5.62
-6.93
-4.52
-2.69
-6.81
-3.66
-2.96
-0.77
-6.10
-5.42
-1.86
4.09
3.12
9.11
-1.76
-2.61
-2.61
-2.10
-8.83
-6.26
-5.08
1.22
-5.83
-6.74
-5.67
4.07
3.69
4.39
2.91
3.25
8.96
3.64
-0.50
-6.03
-6.31
-2.42
1.99
-7.49
-8.37
-1.72
-1.11
-0.51
-1.08
1.88
4.53
3.84
3.81
2.96
4.33
6.20
6.06
5.67
5.99
8.35
5.90
3.93
5.66
5.67
5.53
6.37
0.12
-0.34
1.70
-0.21
3.74
4.19
6.32
2.44
0.60
9.09
3.62
0.43
-2.14
-4.81
0.25
7.78
3.40
4.97
1.06
1.39
6.29
11.01
7.01
12.70
8.50
8.10
8.58
7.63
8.88
2.29
8.54
10.31
4.76
8.04
12.14
12.99
12.66
15.24
17.11
16.74
11.12
4.44
7.57
10.38
6.15
6.27
6.25
7.36
9.01
6.27
8.19
5.52
3.06
7.73
5.10
6.60
5.21
10.47
14.55
15.81
13.42
10.01
13.27
13.35
9.41
3.61
3.18
1.41
5.89
13.55
10.95
8.22
8.42
13.18
13.03
14.24
13.58
14.80
12.95
11.81
11.89
9.82
6.77
3.15
5.63
5.63
8.52
10.90
17.77
18.41
13.68
17.61
11.16
0.31
7.18
11.03
14.61
16.97
17.22
12.60
8.08
14.34
17.79
12.41
16.41
11.69
14.87
16.48
11.62
8.08
10.70
15.98
16.18
15.62
9.61
12.84
9.22
10.37
11.31
13.31
13.21
13.99
14.51
14.31
16.12
20.25
18.37
13.98
11.45
15.26
15.58
13.72
12.69
13.83
12.65
8.13
12.94
15.87
17.58
12.81
10.85
5.94
3.23
10.27
11.64
12.52
10.32
10.81
9.97
8.55
6.03
3.80
5.51
8.21
8.65
9.90
7.06
7.52
8.81
13.32
13.36
12.60
10.76
10.63
7.91
10.00
11.45
11.38
7.72
5.26
7.81
8.69
10.55
11.29
14.54
9.44
6.55
4.30
5.54
1.64
-3.16
-2.30
-4.27
0.79
-6.75
-5.02
3.42
4.01
5.51
2.88
-0.17
7.00
7.49
6.16
10.60
11.18
9.42
8.55
8.40
8.05
2.73
-1.44
-0.65
-5.79
-5.19
-1.48
-5.30
-6.11
-6.64
-2.43
1.72
5.79
5.82
4.40
9.10
6.56
4.26
7.92
8.63
8.83
7.21
-2.17
5.46
6.67
-1.13
-1.59
0.42
1.06
-3.09
-8.30
-1.38
-1.68
-5.69
-0.72
1.58
0.69
-2.06
1.30
1.56
-2.64
-7.40
-9.12
-6.61
-7.95
-10.02
-11.37
-13.24
-17.41
-10.42
-2.08
1.25
-1.96
3.02
-2.20
-2.65
-7.21
-1.80
0.00
-0.02
-3.54
-4.49
-10.22
-6.76
-6.19
-6.84
-8.40
-9.50
-2.65
-4.34
-6.38
-6.40
-3.50
-5.39
-3.80
-3.11
2.82
-4.46
-2.18
-0.75
-2.54
-5.50
-1.21
0.85
-1.92
-7.55
-7.82
-3.83
-4.89
-6.92
-9.20
-14.99
-13.83
-9.25
-1.39
1.66
-1.91
-6.54
-5.48
-5.14
-5.35
-9.28
-9.37
-10.08
-8.10
-8.30
-9.52
-2.59
-1.15
-2.37
-2.67
-10.89
-6.15
-1.81
-3.43
-3.41
0.53
-1.49
3.69
3.34
-2.70
-1.53
-1.31
-4.85
-9.18
-10.80
-11.48
-5.47
-11.48
-8.12
-6.63
-6.29
-3.55
-2.23
-8.26
-2.29
0.01
3.37
3.58
3.32
2.43
0.81
3.54
1.89
2.83
1.80
-4.43
-2.07
1.80
-0.24
-6.76
-6.37
-4.40
-2.73
-4.60
1.38
4.50
3.48
0.51
3.66
3.33
-1.90
-6.66
-4.86
-2.71
-2.59
-0.87
2.71
-0.43
2.19
1.02
3.17
5.55
4.77
6.18
5.39
3.86
3.72
6.70
8.53
6.97
2.91
0.05
0.40
3.95
0.90
-0.59
-1.30
0.64
1.67
2.91
3.48
1.69
-0.05
-1.37
-2.18
-2.96
-0.40
0.13
-1.29
4.20
5.01
6.34
7.05
9.66
10.61
7.16
3.25
6.59
5.47
2.76
1.37
2.51
2.48
9.54
10.20
12.14
10.48
9.02
11.24
11.63
13.54
11.94
8.46
7.73
7.26
9.17
7.92
4.31
4.04
2.85
-1.47
1.49
4.75
8.76
11.37
11.63
12.19
13.74
11.96
12.73
12.98
14.07
15.38
15.02
12.59
12.13
10.59
14.57
16.14
19.11
19.26
15.69
17.68
15.42
17.79
14.45
16.79
13.49
12.62
14.07
16.10
16.58
14.01
8.46
4.64
6.63
5.94
7.96
10.73
6.95
6.01
12.26
15.49
10.13
6.31
8.85
4.93
4.65
10.90
10.10
12.53
12.10
11.72
8.19
7.81
7.05
3.29
1.71
9.25
7.65
11.61
11.45
15.70
16.68
13.97
9.94
13.68
18.23
15.37
6.67
3.94
0.20
5.02
9.06
10.59
10.82
10.18
10.69
11.86
9.21
5.19
2.80
6.07
11.55
10.49
4.79
9.83
11.39
7.26
5.27
5.32
7.14
9.04
9.00
11.53
9.43
5.08
-0.82
-2.85
-2.29
0.35
3.96
2.83
3.40
8.95
9.48
9.23
4.88
10.32
12.64
13.47
11.89
8.67
6.56
8.11
7.13
7.14
7.36
-0.22
-4.00
-3.30
-0.17
-3.10
3.82
4.62
1.39
0.12
-5.96
0.70
3.91
5.14
9.23
8.53
4.70
4.57
1.98
3.14
8.47
8.36
5.15
2.41
-5.13
-4.29
-3.34
0.42
4.16
8.09
8.17
3.16
-2.48
1.10
-3.94
-4.31
-2.43
-2.17
-5.35
-7.20
-8.27
-9.05
-11.95
-9.60
-6.23
-10.19
-5.60
-5.53
-9.98
-12.04
-4.38
-0.80
1.26
2.43
2.94
-1.64
-5.00
0.29
-0.07
-10.20
-13.47
-14.65
-12.29
-9.53
-9.97
-3.74
-3.10
0.24
2.16
1.90
-2.48
-10.39
-9.04
-2.25
-1.69
0.43
1.02
0.04
-1.09
-2.55
-4.24
-7.03
-1.45
0.11
1.86
1.99
1.50
-3.43
-3.19
0.39
3.62
6.08
5.17
8.38
3.87
-1.92
-3.84
-12.69
-13.26
-6.89
-6.34
-6.04
-7.71
-7.18
-5.75
-7.18
-4.91
-2.83
-2.54
-3.04
-0.52
-0.87
0.76
4.88
8.94
6.77
1.95
3.09
0.40
0.83
0.26
-2.59
-2.67
-4.40
-4.08
-4.07
-4.89
-1.55
-4.03
-7.26
-7.07
-7.88
-2.76
-0.00
0.74
-6.34
-5.23
-1.28
-1.32
-5.82
-3.07
-3.56
-0.45
0.77
-1.03
-1.85
-0.22
1.10
2.59
-1.23
0.63
1.62
0.39
-1.88
0.32
-2.50
-1.46
-2.55
0.61
4.56
4.99
3.01
0.83
0.81
0.12
1.22
-1.05
2.39
5.91
7.75
7.89
3.28
6.36
8.73
9.04
8.63
10.41
9.58
7.29
1.23
-3.20
-3.03
-0.78
1.09
2.38
3.40
4.45
5.35
5.32
5.76
5.18
4.37
5.75
5.26
2.06
1.52
0.99
3.26
4.05
5.47
1.75
2.60
5.65
6.86
10.28
8.73
10.60
9.23
8.38
5.43
10.68
5.01
-2.71
3.24
5.82
6.82
7.98
9.09
9.59
7.45
12.01
10.87
13.38
10.74
5.64
5.66
11.51
12.50
5.31
6.36
9.49
9.70
9.25
8.43
5.94
5.67
2.80
0.36
5.37
3.28
7.51
5.16
8.61
11.62
11.39
11.57
5.71
3.80
10.08
13.45
11.15
7.22
5.77
11.91
17.79
16.78
17.70
13.16
7.44
7.08
7.55
10.76
11.22
12.32
12.25
14.49
11.39
12.75
12.75
13.79
18.01
11.94
4.28
8.19
9.59
8.98
3.58
4.95
1.69
3.11
6.27
2.57
0.85
4.27
7.00
7.19
5.84
7.33
8.20
9.74
11.91
17.49
11.39
12.39
12.05
12.69
8.66
5.86
3.84
8.71
12.95
10.29
13.30
12.40
9.54
13.96
16.38
17.10
15.02
16.63
18.26
19.23
17.04
16.16
16.20
16.31
2.73
11.88
8.73
11.32
12.56
12.01
13.19
15.18
9.60
6.41
10.66
8.51
11.14
14.85
15.16
14.94
10.34
12.62
10.75
14.67
14.15
9.54
6.54
-1.42
8.70
10.93
9.42
10.65
9.54
9.51
11.02
12.35
12.32
12.15
12.71
12.26
13.44
13.22
11.93
12.09
10.49
-0.05
-4.68
2.69
7.01
9.75
10.24
6.47
5.85
7.15
8.41
5.27
6.58
3.21
-4.92
0.62
1.97
4.78
4.33
3.74
4.06
6.72
6.51
7.89
6.30
6.15
4.92
5.95
5.29
6.35
6.08
4.77
2.88
2.85
5.30
3.27
3.82
4.66
7.18
7.17
4.66
3.74
1.02
1.69
3.77
2.90
3.35
2.34
3.11
4.83
4.58
5.21
5.60
6.53
4.55
1.33
4.86
3.86
-1.94
-1.18
-1.86
-7.73
-4.14
1.44
0.54
-2.07
-0.75
-2.78
1.01
-2.11
-6.17
-2.55
-11.35
-12.39
-13.11
-6.60
-3.51
-0.69
5.76
-2.17
2.04
4.44
5.17
4.04
-3.51
-6.70
-1.36
1.11
0.76
0.76
-2.33
-4.79
-9.19
-4.24
-6.07
-2.29
2.82
3.13
2.32
0.37
-1.13
-0.94
-2.84
-0.84
-0.46
-0.74
-3.79
-2.56
-1.81
-1.32
-7.54
-2.60
-1.98
-4.11
-7.56
-8.26
-7.41
-10.52
-8.61
-11.52
-12.88
-14.14
-8.76
-12.53
-5.98
-4.22
-4.53
-14.77
-10.92
-10.50
-9.99
-10.84
-9.23
-1.23
0.04
-2.16
-4.46
-6.46
-2.06
0.75
2.52
6.88
4.61
-0.64
-0.99
3.92
8.16
7.03
5.33
2.28
2.77
-4.29
-4.52
-3.66
-7.32
-6.54
2.50
5.08
5.80
8.01
5.55
7.05
4.15
2.86
-0.53
-6.62
-2.67
2.31
3.25
2.02
2.35
0.56
2.00
3.39
4.77
4.06
4.18
4.69
2.85
2.34
1.79
0.03
-0.02
1.57
-2.25
-5.74
1.27
3.75
-5.74
-2.23
-2.31
-0.95
-3.08
-3.61
-3.92
-4.67
-4.09
-5.30
-3.40
-6.25
-2.79
-5.65
3.44
6.90
9.71
9.03
6.45
4.96
2.13
0.51
2.28
4.14
0.89
0.74
1.74
3.58
5.67
10.12
11.09
10.31
2.63
4.26
0.52
-5.06
6.07
5.43
7.40
4.87
2.05
3.46
8.45
9.92
9.57
7.82
7.29
6.20
8.03
8.09
6.51
10.04
12.25
9.62
1.77
8.29
7.50
12.21
6.69
6.37
4.38
2.66
0.43
0.76
7.25
13.24
14.23
15.04
13.94
13.78
10.50
12.57
10.17
11.34
12.10
8.15
8.87
14.51
16.44
18.42
18.71
14.26
9.47
10.84
12.39
11.09
7.90
11.64
10.33
10.90
10.72
10.02
8.85
8.73
8.35
3.45
8.00
10.60
14.01
12.38
11.65
5.15
6.90
10.70
13.97
13.60
15.84
18.43
13.08
9.28
10.05
13.19
15.98
14.50
11.93
14.04
11.30
9.83
10.49
13.26
13.14
12.19
13.49
12.46
12.35
13.51
16.01
12.31
16.86
18.98
21.64
19.57
19.10
17.81
17.00
15.60
12.71
4.81
13.01
11.63
13.82
9.23
1.71
3.14
8.05
11.26
11.77
11.56
12.99
12.40
13.56
12.17
11.33
10.95
4.95
1.28
8.90
9.83
11.79
10.88
11.29
4.76
7.08
9.73
8.73
12.60
11.63
8.25
7.76
1.64
8.07
7.84
6.02
7.16
6.56
5.90
4.83
9.22
9.34
5.90
8.93
5.05
4.65
6.48
3.31
3.90
3.07
-1.40
3.90
8.72
11.71
13.71
12.60
14.21
12.21
11.72
10.95
7.82
4.88
2.68
-10.17
-1.35
0.11
-0.41
0.42
-0.96
4.16
5.77
-2.65
-5.59
4.38
5.14
6.62
4.29
-0.55
0.07
5.82
5.19
6.56
8.00
4.61
0.70
2.35
4.01
4.68
1.14
3.34
5.93
3.65
2.85
-0.81
-1.98
-6.43
-5.35
-4.63
-9.45
-3.58
-4.18
-10.96
-10.48
-7.77
-11.30
-4.26
-7.17
-11.76
-6.01
-3.16
0.91
0.53
-4.29
-5.11
-7.51
-1.75
-0.06
-5.24
0.38
6.13
8.26
7.14
-2.33
-3.21
-0.70
4.82
-3.21
2.13
1.50
-3.91
3.16
0.72
4.44
6.08
5.56
4.66
5.32
-0.03
-4.65
-5.08
-6.63
-10.33
-10.76
-14.66
-13.69
-4.58
1.37
0.94
-7.43
-7.57
-5.63
-7.37
-5.25
-4.98
0.91
-2.84
2.61
2.71
1.15
-1.63
-2.80
-7.20
-3.40
-3.78
-11.13
-13.07
-14.91
-15.45
-6.29
-6.93
-9.23
-10.77
-5.44
-5.54
-6.62
-8.39
-8.14
-1.86
-3.90
-9.96
-11.29
-12.63
-14.60
-7.79
-5.94
-1.27
-2.86
-1.65
3.18
0.94
1.95
-0.59
0.13
0.32
0.83
-2.52
-1.53
-3.31
-4.10
-5.40
-12.35
-12.06
-4.69
-5.57
-5.37
-6.46
-6.37
-2.19
2.98
0.17
-0.36
-2.97
-4.47
-3.15
-1.93
-2.58
-1.85
-5.52
-0.67
0.44
-2.99
-1.19
-2.47
-1.52
-1.90
-3.70
-3.62
-1.27
3.24
-2.35
0.19
7.55
7.44
5.73
8.54
6.60
4.84
0.41
1.80
-0.30
2.03
5.22
7.16
5.77
2.22
2.89
6.45
6.74
6.21
6.84
3.12
3.26
5.02
2.00
2.68
6.41
5.60
1.92
-0.20
-2.47
3.59
4.78
2.43
1.84
-0.66
2.12
-0.68
-0.29
-1.25
0.01
-2.50
-6.71
-4.87
-2.89
3.48
3.86
-2.32
-0.83
-0.28
1.44
2.63
4.58
5.32
6.23
7.11
8.41
9.10
5.38
2.23
5.55
8.89
11.36
11.01
9.81
13.50
16.35
16.12
14.82
11.70
7.22
7.76
6.28
0.77
1.74
4.45
1.59
2.30
3.74
7.95
10.72
10.65
7.09
9.46
12.72
13.64
14.13
13.59
12.14
12.45
12.66
13.52
12.67
13.56
12.77
15.30
12.18
9.46
11.63
12.90
14.72
14.79
15.03
13.33
14.38
16.17
19.05
18.36
9.58
10.02
14.72
17.73
19.67
18.78
16.21
18.01
16.52
14.09
10.35
7.74
9.86
10.86
14.08
11.11
9.46
11.99
12.93
12.81
13.43
10.07
9.81
13.31
13.86
12.79
11.07
3.81
5.97
5.77
6.58
9.86
9.98
9.99
8.31
10.77
14.14
15.56
14.12
13.71
11.71
8.12
5.44
4.65
-0.28
1.10
4.81
9.33
4.54
6.06
2.87
4.73
6.49
8.87
9.85
10.37
13.84
14.02
10.30
9.70
11.73
13.85
10.06
5.32
7.48
9.86
12.23
11.34
4.88
4.64
7.58
6.71
3.86
1.33
-4.81
-2.54
1.09
1.75
0.72
4.34
6.00
10.85
9.43
6.22
8.22
10.14
8.86
8.07
10.58
12.36
9.94
10.14
3.68
3.15
5.79
4.36
4.18
2.39
-0.91
-1.33
5.03
8.45
6.43
-2.22
-3.44
4.47
4.05
5.38
3.26
1.00
4.81
2.97
2.62
0.91
-6.84
-7.95
-6.98
-3.04
-3.03
-3.52
-6.60
-4.63
0.47
2.43
-5.35
3.06
5.68
6.26
4.47
1.24
-1.19
-0.45
-0.16
3.55
4.77
5.05
3.89
0.96
-1.35
3.31
6.34
5.06
0.53
0.93
-0.72
0.63
-0.02
0.51
0.70
-0.37
-3.33
1.29
1.49
-7.04
-3.05
-0.41
-1.03
-0.47
-0.20
0.89
2.27
5.54
5.41
5.06
4.98
1.63
2.41
2.95
0.93
-5.88
-1.63
-0.23
-2.33
-0.58
-0.79
-3.17
-5.35
-1.90
-5.76
-7.38
-2.94
-3.82
-3.86
-9.05
-5.92
-5.31
-3.89
0.21
-7.27
-1.52
-3.33
-4.75
3.91
4.02
-2.52
-5.17
-5.33
-5.14
-2.22
-2.90
5.84
5.68
-5.26
-0.76
3.21
-2.18
-1.41
-2.81
-6.28
0.47
2.39
-3.50
-3.87
-5.31
-4.58
-7.82
-2.19
-2.95
-7.53
-3.32
-0.32
2.84
6.07
5.11
4.24
5.23
5.03
4.04
3.99
2.21
3.36
7.63
6.44
4.63
6.19
2.94
0.28
-6.73
-7.84
-6.88
-5.63
-2.79
0.66
3.88
6.26
3.39
4.03
5.08
3.08
2.92
1.24
3.96
6.55
3.91
2.36
5.95
6.18
4.36
2.77
4.90
0.82
0.77
3.49
0.76
-0.86
2.25
0.42
2.88
4.21
5.83
4.56
4.47
-2.72
-2.89
0.95
-0.61
2.13
-0.61
1.08
1.99
5.80
5.99
1.27
5.11
5.32
7.83
2.13
-2.28
-2.86
-1.90
-2.37
2.46
3.76
5.22
5.28
8.03
10.10
7.89
5.34
4.33
6.33
4.12
1.43
1.34
3.69
4.11
5.65
5.33
5.57
4.93
4.59
6.75
11.35
14.43
15.55
17.75
15.66
14.48
15.92
12.28
9.29
8.02
7.85
5.01
5.12
7.00
9.09
12.87
12.76
12.79
10.32
7.50
8.30
10.06
12.69
6.67
4.52
8.88
6.16
13.05
12.68
8.63
14.28
9.81
4.03
1.24
3.77
5.76
6.45
6.07
7.41
11.71
13.60
14.98
16.98
17.04
14.53
6.06
8.96
13.84
8.80
11.58
6.08
9.70
10.20
4.97
8.12
12.98
12.53
10.68
8.18
9.42
8.19
10.62
10.82
13.33
13.16
15.23
9.62
10.13
8.73
2.83
2.60
3.39
8.54
9.95
7.76
6.64
6.78
8.22
5.53
5.48
9.18
8.04
8.31
12.03
10.83
9.85
8.07
6.03
8.51
9.96
11.69
8.80
11.15
10.95
13.45
10.39
8.74
7.86
6.10
10.22
9.27
9.90
10.48
10.75
9.04
9.94
9.06
6.76
5.87
10.47
5.91
4.93
9.73
11.98
11.45
10.12
7.08
7.76
9.40
8.95
6.91
6.58
6.11
7.08
9.68
11.39
9.73
8.03
9.30
7.68
5.85
7.04
9.24
9.41
12.81
12.25
12.44
5.80
-5.62
5.14
8.21
5.45
5.73
7.23
4.89
3.86
6.41
9.34
8.48
7.86
5.03
3.75
-0.75
-0.72
3.99
3.63
3.15
3.02
4.19
3.15
3.58
5.74
3.88
-2.40
-3.14
-4.54
2.52
5.01
6.25
7.14
8.42
7.28
5.06
2.57
3.31
3.75
4.57
3.93
3.49
1.41
0.77
0.06
-0.98
-0.85
-2.87
-5.07
-7.57
-1.28
-3.74
0.60
1.60
0.23
-0.68
-3.09
-1.68
2.80
3.26
-1.50
4.69
5.30
5.76
4.57
-0.40
-8.93
-4.73
-12.34
-11.53
-5.11
3.05
5.08
3.31
1.92
-2.31
0.74
2.23
-0.69
1.98
2.39
3.99
-0.07
2.25
2.45
-2.30
2.22
-0.17
-6.61
-6.62
-6.56
-6.75
-3.49
-4.85
-5.07
-3.61
-10.71
-5.69
-5.70
-4.86
-4.64
-7.26
-10.51
-12.19
-12.04
-8.82
-6.12
-6.13
0.13
-1.10
-0.83
-0.70
4.01
2.84
1.97
-1.70
-4.76
-5.01
-3.03
-0.46
-0.76
-2.25
-2.80
-3.24
-4.46
-0.74
-6.83
-6.90
-4.54
-4.32
-5.29
0.30
-1.72
-2.51
-5.48
-8.03
3.08
3.80
6.21
4.61
3.62
1.29
1.42
-1.76
-3.13
-3.50
-1.93
1.51
1.14
1.87
2.75
0.71
-2.24
-0.17
-0.66
-1.45
-3.54
-4.62
3.89
-1.47
-1.28
0.15
-7.45
-3.35
-1.13
-2.71
-6.46
-3.85
-1.70
5.95
5.82
4.73
0.69
4.96
5.91
6.68
7.14
5.55
2.67
2.29
3.22
3.44
5.84
5.93
4.22
7.12
1.97
5.35
5.12
-1.48
2.94
2.46
2.14
4.38
6.42
12.49
12.19
3.95
6.87
8.83
6.07
8.27
11.29
12.05
13.04
9.92
1.80
6.75
7.34
9.06
4.41
-1.86
-3.16
0.28
2.02
3.88
3.36
1.96
5.15
8.02
7.38
5.95
8.56
8.93
9.78
12.34
15.27
15.91
14.79
13.93
11.40
10.89
11.02
12.50
9.85
11.51
7.46
6.33
6.30
8.32
10.31
6.08
4.43
6.95
10.08
5.56
10.16
9.57
12.93
10.34
14.19
14.32
17.84
18.13
19.42
20.96
20.41
20.27
19.42
20.76
12.60
10.77
16.64
15.10
14.62
13.37
15.82
18.54
19.05
17.95
16.13
15.76
16.68
19.24
16.88
13.72
16.09
8.38
13.61
8.52
11.23
7.57
8.79
12.44
9.16
13.48
16.01
13.87
17.39
17.63
19.44
18.07
13.79
11.67
15.85
16.01
16.74
9.73
5.34
5.16
6.21
5.87
3.85
8.43
10.69
10.76
9.21
8.79
9.10
14.81
15.44
16.35
17.62
17.52
14.43
11.21
7.63
4.93
5.81
0.89
3.78
6.44
7.18
7.64
6.12
7.46
11.28
10.02
4.89
7.32
11.74
9.55
3.83
2.93
5.39
8.95
6.26
-1.16
3.96
7.40
8.60
7.97
5.71
3.91
6.19
3.61
7.56
6.02
5.99
10.25
8.12
2.49
5.76
6.04
5.59
6.66
6.28
2.63
-2.35
-4.26
-3.58
2.27
1.36
3.26
3.48
3.30
5.55
11.52
9.85
7.52
8.19
7.01
6.40
5.96
8.33
9.24
8.05
9.09
8.01
5.10
6.12
7.92
10.98
12.84
10.15
12.55
11.34
14.48
12.49
4.50
5.10
6.69
6.53
6.89
4.55
1.42
-1.18
-9.52
-8.68
-4.95
-3.98
-8.84
-1.74
-3.13
-3.39
2.96
6.45
8.25
7.71
4.86
0.41
0.57
1.55
-0.49
-0.50
3.86
3.58
5.58
2.18
0.61
2.36
1.92
4.11
3.60
4.86
6.71
2.15
8.00
3.32
1.86
4.19
6.40
5.46
6.31
4.52
2.96
2.90
1.33
-0.06
-1.91
-5.00
-5.36
-7.62
-1.86
-0.13
-0.17
-2.31
-1.45
-8.05
-10.83
-5.20
-11.74
-13.19
-10.36
-5.51
-7.82
-6.17
-0.64
-0.81
3.01
3.92
5.87
3.82
3.18
2.21
-0.39
-0.06
0.86
7.71
6.96
0.82
-4.53
2.41
3.61
-2.14
-2.14
-1.32
-11.05
-8.56
-5.36
-3.65
-3.62
-7.67
-1.97
-2.80
-5.97
-8.85
2.90
6.97
6.16
-3.11
-2.44
-4.16
-3.36
-2.86
-2.48
-1.41
-3.31
-1.85
-10.16
-2.12
-4.82
-9.89
-10.02
-10.60
-4.35
-4.14
0.07
-1.50
-3.77
-3.17
-2.95
-5.66
-2.84
0.60
1.58
1.15
-0.57
2.28
-3.15
0.45
-3.30
2.58
1.51
-0.01
-0.13
3.02
5.58
4.26
5.76
3.92
3.52
4.43
1.18
-0.64
-3.00
-3.29
4.02
3.24
2.97
0.63
1.20
4.06
3.89
0.68
-2.84
3.57
9.09
7.96
2.43
-0.25
-3.58
-6.81
-4.91
-7.08
-2.95
1.00
1.03
-2.01
1.30
0.15
2.06
6.49
4.80
4.50
5.24
6.99
7.20
6.62
-0.03
1.30
3.65
0.35
-0.64
1.42
4.01
-1.15
4.72
9.02
9.94
-1.54
2.40
6.00
9.19
10.47
11.37
5.95
2.09
2.45
3.99
2.60
4.96
4.77
6.05
8.51
9.15
6.46
4.99
9.61
5.88
4.24
4.15
3.95
5.26
5.68
3.09
3.59
2.46
8.45
10.23
15.53
18.22
15.33
9.35
7.32
8.81
10.84
13.17
11.00
12.64
8.98
9.92
14.44
10.79
12.17
15.23
13.40
14.69
16.73
14.63
9.25
3.64
-0.20
5.04
12.21
14.06
15.45
17.49
18.44
16.38
11.06
11.24
12.31
12.54
12.19
11.21
11.45
13.88
13.95
11.68
8.62
10.69
14.32
15.44
4.80
8.30
12.96
15.02
8.52
3.84
6.18
11.08
13.76
14.85
14.45
13.53
11.88
9.61
13.94
11.21
7.06
13.82
16.98
19.09
18.38
18.16
16.94
14.72
11.87
13.02
13.37
12.61
13.89
14.29
13.62
7.75
11.80
14.11
13.05
13.42
12.99
13.21
13.48
13.17
12.82
9.28
4.75
1.71
3.06
5.25
4.66
4.07
8.56
7.08
8.75
8.42
9.33
6.57
9.14
11.28
10.01
6.94
3.64
4.42
6.91
8.64
6.95
5.76
2.24
-1.64
0.45
-3.18
1.91
5.79
5.94
5.24
11.04
3.63
1.17
-0.18
-3.20
-1.64
2.17
6.61
10.35
7.38
5.12
9.46
14.08
12.93
11.23
10.43
9.15
4.33
2.99
3.76
1.65
-2.62
-8.84
-9.35
-3.66
-4.83
-4.92
-0.98
-0.88
1.51
5.01
4.95
2.12
1.93
0.99
3.63
4.23
4.83
4.86
3.16
2.36
0.15
2.38
2.13
-2.39
1.12
3.94
5.05
3.19
-0.63
-1.57
2.80
3.47
4.07
6.83
7.05
4.60
0.03
0.50
2.34
1.79
1.70
1.48
-0.30
-2.72
0.65
0.87
0.21
3.13
2.10
5.93
4.80
1.12
4.69
5.11
1.82
0.34
0.56
-1.59
-1.39
-2.45
-12.48
-4.77
-4.31
-3.52
-0.31
-5.54
-4.34
0.06
-3.78
-12.67
-14.45
-15.05
-10.36
-5.58
-5.46
-4.53
-2.49
-1.01
0.51
-1.54
-2.81
-3.25
-1.82
-2.11
-2.38
-1.15
0.63
2.64
1.70
0.87
-2.36
-2.18
-5.39
-2.32
-5.17
-3.66
-6.30
-2.29
-0.36
1.30
0.26
1.78
1.06
-0.97
-0.55
-3.13
-0.49
0.83
3.09
2.35
-1.19
3.50
4.20
1.94
-0.07
-2.03
-1.32
3.97
-0.59
-4.71
-4.56
-7.88
0.03
2.61
2.18
5.13
2.93
3.58
4.79
6.24
5.06
3.54
0.96
3.61
5.31
3.42
-0.25
1.46
3.23
3.21
1.50
4.27
2.59
4.80
7.19
6.28
1.35
1.11
3.40
0.82
0.30
2.29
4.85
6.30
7.88
5.18
2.69
5.87
6.12
5.03
2.11
-0.60
1.01
-3.73
-7.65
-3.37
1.69
5.54
4.81
5.00
1.96
-0.01
-3.68
-6.38
0.66
2.18
-2.27
-2.62
0.07
-1.92
6.26
6.51
0.17
1.82
3.94
6.81
4.10
4.01
4.74
4.71
6.27
10.48
11.57
8.39
4.13
1.04
8.83
9.49
9.00
11.02
12.37
13.53
13.05
13.04
13.24
11.54
13.03
9.87
11.26
11.37
9.26
6.24
5.71
4.82
12.71
9.24
13.94
17.71
14.69
16.99
14.11
12.18
13.24
14.46
16.38
16.14
15.75
16.45
17.08
16.55
16.00
11.67
15.02
11.81
7.91
3.82
5.35
2.95
5.95
11.75
14.53
15.09
17.28
16.17
17.21
14.53
11.88
10.22
10.57
11.11
9.42
10.42
13.14
14.07
15.34
16.73
12.78
14.52
12.52
10.34
8.06
2.79
5.99
12.29
12.92
14.29
14.86
17.07
18.83
17.41
18.03
16.37
16.62
10.88
14.24
12.45
10.06
2.83
1.14
7.47
11.78
13.14
14.88
13.42
14.75
15.36
8.19
7.16
10.87
13.72
15.23
14.46
16.42
16.71
16.77
14.66
16.82
16.08
11.71
5.06
0.57
4.36
7.86
12.36
7.87
5.02
8.97
7.19
2.58
4.28
0.47
7.75
7.03
0.46
0.83
0.51
-0.68
-1.34
1.78
8.51
9.57
9.12
5.99
7.03
5.93
7.20
9.79
10.08
8.26
5.54
6.83
6.62
11.16
11.47
4.21
5.04
4.80
3.49
6.18
9.82
7.85
11.29
12.98
13.46
13.75
12.54
9.04
9.72
7.14
7.76
-1.17
0.05
9.16
10.02
11.48
6.56
6.78
2.82
5.19
5.56
6.47
3.40
9.44
4.37
2.32
-3.41
1.73
-3.99
-1.38
-0.72
-0.46
-0.16
-9.00
2.79
4.93
2.79
3.31
0.18
-2.67
1.76
2.41
6.16
3.76
4.50
0.94
-10.71
-2.05
-1.81
-7.13
-12.22
-11.58
-7.58
-7.51
-4.01
0.74
0.97
-0.29
-2.95
-9.83
-0.45
1.41
-6.50
-3.51
-3.88
-5.88
-10.57
-11.93
-4.52
-2.83
-1.05
2.59
0.33
5.16
6.72
4.78
-1.36
-3.79
-11.61
-5.77
-0.50
6.94
-1.44
-0.65
-0.30
-0.58
0.74
1.29
0.15
-1.16
-2.19
-4.32
-5.73
-3.54
-3.57
-5.28
-5.33
-3.54
-4.94
-3.85
-4.41
-3.06
-1.81
-0.80
1.04
3.48
3.55
-0.77
0.25
3.33
5.02
4.76
1.04
-3.10
-9.14
-11.85
-7.58
-4.64
-4.31
-7.20
-6.77
-3.99
-8.67
-2.36
-8.76
-8.16
-4.46
0.72
1.19
0.54
-6.16
-3.94
-7.65
-7.91
-4.65
-3.06
0.63
-2.73
-13.42
-18.96
-2.85
0.56
0.72
-2.94
1.52
-2.00
-4.09
-6.59
-2.22
1.90
1.77
1.03
-3.43
-5.78
0.47
-0.66
-3.08
-4.52
-6.75
-7.43
-6.98
-7.51
-4.43
-4.46
-0.99
-3.24
-4.00
-3.03
-0.71
-1.75
-0.49
-5.27
-4.14
3.16
3.82
1.06
-0.72
5.86
6.84
6.12
0.83
-0.81
-0.18
-0.75
-0.35
3.55
3.79
2.35
5.02
7.38
7.58
9.34
8.96
8.58
5.64
7.09
6.35
3.52
7.75
6.83
5.96
-0.59
-0.79
1.08
5.46
8.44
7.65
9.89
7.50
6.04
5.99
2.34
6.90
8.26
4.68
2.02
3.76
1.64
3.88
4.61
4.90
4.92
6.31
6.45
4.97
6.62
9.23
10.64
11.75
9.29
8.66
8.85
7.88
7.78
9.85
10.53
8.92
10.33
9.58
9.67
8.27
10.51
11.59
10.01
8.66
7.07
7.10
9.32
10.37
9.64
9.99
13.58
13.39
13.86
10.09
9.70
8.98
10.26
10.73
13.28
10.59
12.11
16.27
18.25
17.15
14.08
14.02
8.83
7.48
10.46
13.43
13.87
12.08
11.26
11.42
12.79
14.16
12.10
12.87
11.00
15.25
14.43
13.43
8.15
8.96
12.18
14.02
13.44
15.14
15.48
12.86
15.05
17.53
17.49
17.34
15.49
17.74
17.03
16.96
18.11
15.90
14.99
15.03
9.67
12.02
13.87
11.21
8.93
12.07
14.60
11.58
12.82
14.28
13.34
15.49
15.04
13.53
9.36
4.67
7.17
13.58
15.56
13.55
8.71
5.30
4.23
7.79
8.10
9.63
10.74
10.46
7.99
12.64
13.52
13.22
15.72
15.03
11.92
9.79
10.60
11.66
12.82
14.01
13.16
14.04
11.25
11.88
14.03
5.02
8.30
10.42
14.35
12.43
11.20
8.84
1.11
5.07
8.62
12.33
11.55
6.88
7.10
10.17
10.59
8.71
8.79
10.60
11.26
7.82
5.65
7.39
10.01
9.89
9.94
10.45
11.25
8.64
9.57
9.53
12.77
8.65
2.74
2.48
2.20
-2.83
1.26
0.64
0.02
6.82
6.50
4.84
4.69
3.68
2.72
4.26
3.51
6.21
8.04
5.24
6.82
6.13
8.04
-1.54
-3.07
-5.95
-1.24
0.01
-0.77
-1.00
-1.86
0.35
-6.19
-6.87
1.20
6.24
0.30
0.59
1.52
0.45
2.28
4.87
1.61
5.86
-2.48
-3.03
-6.88
-6.20
-5.40
-6.29
-6.95
-1.82
-1.29
-5.17
3.30
1.71
-5.96
-0.39
-0.33
1.57
0.47
3.72
3.29
5.44
2.86
3.75
0.55
2.26
5.48
-0.80
-3.96
-3.25
-2.80
-2.14
0.18
-2.72
-10.21
-11.68
-6.58
-1.61
-3.27
-5.09
0.74
3.43
-3.89
-9.52
-8.35
-7.49
-8.57
-7.77
-9.84
-11.85
-3.78
1.25
-0.14
-12.35
-9.03
-8.52
-3.15
-1.15
-3.76
-8.49
-3.07
1.09
4.68
-0.10
-0.07
-0.12
0.07
-10.36
0.07
1.77
3.60
6.75
4.71
5.80
6.02
1.06
1.69
1.36
3.80
6.84
9.31
7.62
8.71
8.64
4.04
-4.40
-1.95
1.89
3.84
-2.10
3.42
-1.14
-2.46
-0.23
1.12
-6.16
-0.22
-4.20
-4.10
-0.73
5.74
5.60
-6.23
-6.90
-1.41
2.82
4.66
5.42
5.76
-0.56
-3.28
-0.24
0.01
0.80
3.22
3.71
3.98
2.44
-0.84
-6.10
1.44
2.05
-0.96
-0.62
0.33
-0.22
0.07
-0.48
-1.27
-4.97
1.45
-0.19
4.20
5.13
4.52
5.20
4.44
6.92
5.79
4.35
5.45
0.00
-1.04
-4.27
-2.42
3.14
5.76
1.07
0.56
-1.76
-8.08
-3.41
3.07
2.34
-1.13
4.39
2.38
-3.02
4.02
5.11
2.12
3.38
2.07
1.25
2.41
1.53
4.25
4.85
6.96
7.05
5.17
4.94
6.59
2.13
1.56
5.91
9.66
11.27
12.13
12.16
13.58
12.89
4.40
11.96
8.84
10.14
8.82
5.86
4.60
9.63
13.12
9.74
8.58
13.64
11.39
14.39
9.83
9.64
9.76
14.29
19.71
21.95
21.36
22.80
20.64
20.59
20.43
18.08
16.06
13.31
14.30
14.90
15.81
11.57
12.26
11.55
11.75
11.43
10.98
9.51
11.29
8.90
13.19
13.18
12.66
13.95
14.70
14.41
17.12
20.20
19.65
21.07
17.56
12.04
7.20
12.83
14.94
11.39
